   0.030000012578685 	    0.000000000000000 
   0.042333346536914 	    0.000000000000000 
   0.054666680446571 	    0.000000000000000 
   0.067000014634289 	    0.000000000000000 
   0.079333349037053 	    0.000000000000000 
   0.091666683584015 	    0.000000000000000 
   0.104000018224029 	    0.000000000000000 
   0.116333352921444 	    0.000000000000000 
   0.128666687650687 	    0.000000000000000 
   0.141000022392522 	    0.000000000000000 
   0.153333357131679 	    0.000000000000000 
   0.165666691855364 	    0.000000000000000 
   0.178000026552304 	    0.000000000000000 
   0.190333361212137 	    0.000000000000000 
   0.202666695825002 	    0.000000000000000 
   0.215000030381291 	    0.000000000000000 
   0.227333364871479 	    0.000000000000000 
   0.239666699286064 	    0.000000000000000 
   0.252000033615560 	    0.000000000000000 
   0.264333367850585 	    0.000000000000000 
   0.276666701982025 	    0.000000000000000 
   0.289000036001309 	    0.000000000000000 
   0.301333369900796 	    0.000000000000000 
   0.313666703674294 	    0.000000000000000 
   0.326000037317697 	    0.000000000000000 
   0.338333370829728 	    0.000000000000000 
   0.350666704212713 	    0.000000000000000 
   0.363000037473294 	    0.000000000000000 
   0.375333370622945 	    0.000000000000000 
   0.387666703678165 	    0.000000000000000 
   0.400000036660218 	    0.000000000000000 
   0.029989732323014 	    0.000785308294808 
   0.042323408953376 	    0.001108277054491 
   0.054657085537933 	    0.001431245724961 
   0.066990762401016 	    0.001754214378628 
   0.079324439479145 	    0.002077183030105 
   0.091658116701348 	    0.002400151683793 
   0.103991794016443 	    0.002723120341517 
   0.116325471388771 	    0.003046089004333 
   0.128659148792757 	    0.003369057673067 
   0.140992826209169 	    0.003692026348497 
   0.153326503622745 	    0.004014995031422 
   0.165660181020695 	    0.004337963722688 
   0.177993858391760 	    0.004660932423192 
   0.190327535725590 	    0.004983901133884 
   0.202661213012343 	    0.005306869855756 
   0.214994890242429 	    0.005629838589827 
   0.227328567406353 	    0.005952807337125 
   0.239662244494640 	    0.006275776098647 
   0.251995921497837 	    0.006598744875318 
   0.264329598406594 	    0.006921713667922 
   0.276663275211822 	    0.007244682477015 
   0.288996951904963 	    0.007567651302806 
   0.301330628478368 	    0.007890620145011 
   0.313664304925800 	    0.008213589002684 
   0.325997981243072 	    0.008536557874035 
   0.338331657428777 	    0.008859526756257 
   0.350665333485076 	    0.009182495645423 
   0.362999009418431 	    0.009505464536473 
   0.375332685240165 	    0.009828433423363 
   0.387666360966692 	    0.010151402299390 
   0.400000036619303 	    0.010474371157672 
   0.029958898601573 	    0.001570078378527 
   0.042293603013503 	    0.002216512986320 
   0.054628307387914 	    0.002862947416078 
   0.066963012042239 	    0.003509381812333 
   0.079297716911609 	    0.004155816204242 
   0.091632421924683 	    0.004802250600587 
   0.103967127030168 	    0.005448685005009 
   0.116301832192376 	    0.006095119419620 
   0.128636537385733 	    0.006741553846067 
   0.140971242591019 	    0.007387988285908 
   0.153305947792988 	    0.008034422740740 
   0.165640652978877 	    0.008680857212254 
   0.177975358137455 	    0.009327291702244 
   0.190310063258412 	    0.009973726212608 
   0.202644768331960 	    0.010620160745329 
   0.214979473348572 	    0.011266595302445 
   0.227314178298829 	    0.011913029886009 
   0.239648883173346 	    0.012559464498019 
   0.251983587962767 	    0.013205899140330 
   0.264318292657832 	    0.013852333814524 
   0.276652997249534 	    0.014498768521731 
   0.288987701729354 	    0.015145203262405 
   0.301322406089616 	    0.015791638036033 
   0.313657110323962 	    0.016438072840792 
   0.325991814427954 	    0.017084507673183 
   0.338326518399803 	    0.017730942527680 
   0.350661222241171 	    0.018377377396484 
   0.362995925957976 	    0.019023812269477 
   0.375330629561065 	    0.019670247134486 
   0.387665333066587 	    0.020316681977916 
   0.400000036495909 	    0.020963116785731 
   0.029907532546260 	    0.002353772408929 
   0.042243949144857 	    0.003324669663239 
   0.054580365719695 	    0.004295566651470 
   0.066916782576744 	    0.005266463589706 
   0.079253199648832 	    0.006237360521508 
   0.091589616864002 	    0.007208257459996 
   0.103926034170779 	    0.008179154410616 
   0.116262451533427 	    0.009150051376526 
   0.128598868926373 	    0.010120948360195 
   0.140935286330415 	    0.011091845363959 
   0.153271703730338 	    0.012062742390212 
   0.165608121113416 	    0.013033639441488 
   0.177944538468470 	    0.014004536520478 
   0.190280955785256 	    0.014975433630025 
   0.202617373054069 	    0.015946330773099 
   0.214953790265489 	    0.016917227952756 
   0.227290207410222 	    0.017888125172073 
   0.239626624479030 	    0.018859022434054 
   0.251963041462711 	    0.019829919741494 
   0.264299458352165 	    0.020800817096793 
   0.276635875138514 	    0.021771714501703 
   0.288972291813310 	    0.022742611956991 
   0.301308708368845 	    0.023713509462016 
   0.313645124798565 	    0.024684407014223 
   0.325981541097633 	    0.025655304608575 
   0.338317957263624 	    0.026626202236999 
   0.350654373297362 	    0.027597099887951 
   0.362990789203826 	    0.028567997546272 
   0.375327204993023 	    0.029538895193493 
   0.387663620680610 	    0.030509792808744 
   0.400000036288060 	    0.031480690370256 
   0.029835669360808 	    0.003135853281262 
   0.042174481377811 	    0.004432714964414 
   0.054513293390220 	    0.005729576294608 
   0.066852105688022 	    0.007026437558621 
   0.079190918200842 	    0.008323298814214 
   0.091529730855865 	    0.009620160078785 
   0.103868543601362 	    0.010917021359559 
   0.116207356401531 	    0.012213882660733 
   0.128546169230801 	    0.013510743985597 
   0.140884982069996 	    0.014807605337259 
   0.153223794903940 	    0.016104466718912 
   0.165562607719961 	    0.017401328133931 
   0.177901420506950 	    0.018698189585899 
   0.190240233254751 	    0.019995051078603 
   0.202579045953776 	    0.021291912615996 
   0.214917858594745 	    0.022588774202147 
   0.227256671168540 	    0.023885635841159 
   0.239595483666118 	    0.025182497537043 
   0.251934296078496 	    0.026479359293551 
   0.264273108396788 	    0.027776221113937 
   0.276611920612301 	    0.029073083000632 
   0.288950732716698 	    0.030369944954821 
   0.301289544702238 	    0.031666806975892 
   0.313628356562125 	    0.032963669060769 
   0.325967168290986 	    0.034260531203140 
   0.338305979885523 	    0.035557393392664 
   0.350644791345369 	    0.036854255614277 
   0.362983602674129 	    0.038151117847833 
   0.375322413880521 	    0.039447980068339 
   0.387661224979404 	    0.040744842247045 
   0.400000035992349 	    0.042041704353510 
   0.029743358296664 	    0.003915784996347 
   0.042085247322238 	    0.005540625863202 
   0.054427136367682 	    0.007165466291761 
   0.066769025702558 	    0.008790306638361 
   0.079110915252401 	    0.010415146974687 
   0.091452804943303 	    0.012039987322337 
   0.103794694723211 	    0.013664827690285 
   0.116136584556239 	    0.015289668083757 
   0.128478474416819 	    0.016914508506855 
   0.140820364285807 	    0.018539348963461 
   0.153162254148078 	    0.020164189457564 
   0.165504143991026 	    0.021789029993378 
   0.177846033803625 	    0.023413870575376 
   0.190187923575834 	    0.025038711208281 
   0.202529813298205 	    0.026663551897026 
   0.214871702961636 	    0.028288392646689 
   0.227213592557221 	    0.029913233462396 
   0.239555482076164 	    0.031538074349172 
   0.251897371509752 	    0.033162915311745 
   0.264239260849370 	    0.034787756354264 
   0.276581150086565 	    0.036412597479921 
   0.288923039213153 	    0.038037438690448 
   0.301264928221384 	    0.039662279985464 
   0.313606817104192 	    0.041287121361657 
   0.325948705855566 	    0.042911962811809 
   0.338290594471123 	    0.044536804323716 
   0.350632482948941 	    0.046161645879150 
   0.362974371290750 	    0.047786487453124 
   0.375316259503420 	    0.049411329013851 
   0.387658147600561 	    0.051036170523870 
   0.400000035603757 	    0.052661011942656 
   0.029630662619232 	    0.004693033027931 
   0.041976308134870 	    0.006648391604180 
   0.054321953700014 	    0.008603749658706 
   0.066667599559444 	    0.010559107615996 
   0.079013245633746 	    0.012514465561328 
   0.091358891847687 	    0.014469823520393 
   0.103704538148819 	    0.016425181503882 
   0.116050184501161 	    0.018380539518032 
   0.128395830879145 	    0.020335897567756 
   0.140741477263669 	    0.022291255657706 
   0.153087123639663 	    0.024246613792663 
   0.165432769994600 	    0.026201971977681 
   0.177778416317554 	    0.028157330218115 
   0.190124062598612 	    0.030112688519621 
   0.202469708828492 	    0.032068046888104 
   0.214815354998298 	    0.034023405329646 
   0.227161001099371 	    0.035978763850393 
   0.239506647123202 	    0.037934122456391 
   0.251852293061393 	    0.039889481153367 
   0.264197938905652 	    0.041844839946413 
   0.276543584647818 	    0.043800198839572 
   0.288889230279910 	    0.045755557835283 
   0.301234875794207 	    0.047710916933638 
   0.313580521183381 	    0.049666276131450 
   0.325926166440727 	    0.051621635421066 
   0.338271811560597 	    0.053576994788987 
   0.350617456539167 	    0.055532354214365 
   0.362963101375713 	    0.057487713667684 
   0.375308746074522 	    0.059443073110135 
   0.387654390647279 	    0.061398432494448 
   0.400000035115364 	    0.063353791767958 
   0.029497659564514 	    0.005467064689022 
   0.041847738477389 	    0.007756017008822 
   0.054197817474423 	    0.010044968725742 
   0.066547896771363 	    0.012333920330741 
   0.078897976283014 	    0.014622871922296 
   0.091248055932593 	    0.016911823530074 
   0.103598135667195 	    0.019200775166436 
   0.115948215450726 	    0.021489726838617 
   0.128298295257620 	    0.023778678552329 
   0.140648375068820 	    0.026067630312994 
   0.152998454869325 	    0.028356582126187 
   0.165348534646690 	    0.030645533997791 
   0.177698614390101 	    0.032934485934044 
   0.190048694089787 	    0.035223437941526 
   0.202398773736650 	    0.037512390027107 
   0.214748853322022 	    0.039801342197866 
   0.227098932837517 	    0.042090294460965 
   0.239449012274945 	    0.044379246823480 
   0.251799091626257 	    0.046668199292156 
   0.264149170883526 	    0.048957151873085 
   0.276499250038929 	    0.051246104571264 
   0.288849329084742 	    0.053535057390009 
   0.301199408013325 	    0.055824010330172 
   0.313549486817133 	    0.058112963389105 
   0.325899565488770 	    0.060401916559318 
   0.338249644021217 	    0.062690869826765 
   0.350599722408421 	    0.064979823168795 
   0.362949800646568 	    0.067268776551972 
   0.375299878736386 	    0.069557729930395 
   0.387649956686598 	    0.071846683245644 
   0.400000034517901 	    0.074135636429947 
   0.029344440286179 	    0.006237349496966 
   0.041699626465255 	    0.008863525946909 
   0.054054812767978 	    0.011489701715428 
   0.066409999376938 	    0.014115877358025 
   0.078765186200360 	    0.016742052985919 
   0.091120373159692 	    0.019368228632618 
   0.103475560201509 	    0.021994404312103 
   0.115830747289592 	    0.024620580032583 
   0.128185934398379 	    0.027246755800568 
   0.140541121508866 	    0.029872931622246 
   0.152896308606120 	    0.032499107503978 
   0.165251495677786 	    0.035125283452481 
   0.177606682713170 	    0.037751459474864 
   0.189961869702654 	    0.040377635578626 
   0.202317056637331 	    0.043003811771591 
   0.214672243508776 	    0.045629988061828 
   0.227027430308895 	    0.048256164457513 
   0.239382617029831 	    0.050882340966755 
   0.251737803663910 	    0.053508517597344 
   0.264092990203594 	    0.056134694356426 
   0.276448176641435 	    0.058760871250059 
   0.288803362970010 	    0.061387048282623 
   0.301158549181830 	    0.064013225456031 
   0.313513735269208 	    0.066639402768653 
   0.325868921224128 	    0.069265580213863 
   0.338224107038193 	    0.071891757778038 
   0.350579292702891 	    0.074517935437898 
   0.362934478210643 	    0.077144113157194 
   0.375289663557354 	    0.079770290883276 
   0.387644848747153 	    0.082396468545095 
   0.400000033799057 	    0.085022646055477 
   0.029171109793089 	    0.007003359537012 
   0.041532073607316 	    0.009970965014262 
   0.053893037589303 	    0.012938569734489 
   0.066254001884510 	    0.015906174315554 
   0.078614966393815 	    0.018873778880918 
   0.090975931036683 	    0.021841383467773 
   0.103336895759114 	    0.024808988091661 
   0.115697860524751 	    0.027776592761746 
   0.128058825308043 	    0.030744197485326 
   0.140419790090036 	    0.033711802269350 
   0.152780754855872 	    0.036679407120970 
   0.165141719593292 	    0.039647012047725 
   0.177502684291717 	    0.042614617057596 
   0.189863648941686 	    0.045582222158986 
   0.202224613534492 	    0.048549827360668 
   0.214585578061954 	    0.051517432671688 
   0.226946542516271 	    0.054485038101234 
   0.239307506889928 	    0.057452643658452 
   0.251668471175627 	    0.060420249352202 
   0.264029435366225 	    0.063387855190739 
   0.276390399454663 	    0.066355461181288 
   0.288751363433853 	    0.069323067329483 
   0.301112327296513 	    0.072290673638612 
   0.313473291034917 	    0.075258280108572 
   0.325834254640566 	    0.078225886734393 
   0.338195218103814 	    0.081193493504066 
   0.350556181413632 	    0.084161100395323 
   0.362917144558081 	    0.087128707370979 
   0.375278107526655 	    0.090096314372882 
   0.387639070316324 	    0.093063921316089 
   0.400000032942363 	    0.096031528087865 
   0.028977786877334 	    0.007764569824119 
   0.041345194736236 	    0.011078407461836 
   0.053712602811405 	    0.014392244270184 
   0.066080011207366 	    0.017706080926970 
   0.078447419816910 	    0.021019917567348 
   0.090814828557320 	    0.024333754232018 
   0.103182237373966 	    0.027647590938019 
   0.115549646230348 	    0.030961427695446 
   0.127917055100927 	    0.034275264512375 
   0.140284463966805 	    0.037589101396520 
   0.152651872813196 	    0.040902938355814 
   0.165019281627931 	    0.044216775398621 
   0.177386690400551 	    0.047530612533780 
   0.189754099121745 	    0.050844449770595 
   0.202121507782999 	    0.054158287118772 
   0.214488916376370 	    0.057472124588328 
   0.226856324894342 	    0.060785962189455 
   0.239223733329724 	    0.064099799932342 
   0.251591141675574 	    0.067413637826942 
   0.263958549925127 	    0.070727475882674 
   0.276325958071692 	    0.074041314108032 
   0.288693366108513 	    0.077355152510086 
   0.301060774028546 	    0.080668991093807 
   0.313428181824118 	    0.083982829861132 
   0.325795589486428 	    0.087296668809589 
   0.338162997004846 	    0.090610507930157 
   0.350530404366054 	    0.093924347203741 
   0.362897811553453 	    0.097238186595231 
   0.375265218548350 	    0.100552026043978 
   0.387632625336563 	    0.103865865451148 
   0.400000031925241 	    0.107179704669902 
   0.028764604032816 	    0.008520458662756 
   0.041139117929790 	    0.012185957426733 
   0.053513632095685 	    0.015851455292537 
   0.065888146590457 	    0.019516952995295 
   0.078262661298115 	    0.023182450681254 
   0.090637176133561 	    0.026847948394435 
   0.103011691041490 	    0.030513446153301 
   0.115386205985258 	    0.034178943968849 
   0.127760720939341 	    0.037844441849930 
   0.140135235884895 	    0.041509939805016 
   0.152509750807204 	    0.045175437842826 
   0.164884265694184 	    0.048840935972539 
   0.177258780535483 	    0.052506434203847 
   0.189633295321931 	    0.056171932546943 
   0.202007810045192 	    0.059837431012457 
   0.214382324697541 	    0.063502929611366 
   0.226756839271717 	    0.067168428354860 
   0.239131353760817 	    0.070833927254177 
   0.251505868158211 	    0.074499426320384 
   0.263880382457450 	    0.078164925564116 
   0.276254896652151 	    0.081830424995232 
   0.288629410735830 	    0.085495924622408 
   0.301003924701645 	    0.089161424452584 
   0.313378438542005 	    0.092826924490216 
   0.325752952247951 	    0.096492424736160 
   0.338127465808207 	    0.100157925185831 
   0.350501979207731 	    0.103823425825905 
   0.362876492425616 	    0.107488926627796 
   0.375251005433570 	    0.111154427534565 
   0.387625518200270 	    0.114819928437363 
   0.400000030715224 	    0.118485429145052 
   0.028531707364449 	    0.009270508004444 
   0.040913984423089 	    0.013293754522510 
   0.053296261807181 	    0.017317000077411 
   0.065678539528679 	    0.021340245458764 
   0.078060817462137 	    0.025363490823275 
   0.090443095519895 	    0.029386736218073 
   0.102825373645933 	    0.033409981662970 
   0.115207651803465 	    0.037433227169838 
   0.127589929966985 	    0.041456472748293 
   0.139972208117705 	    0.045479718407568 
   0.152354486240968 	    0.049502964157164 
   0.164736764324761 	    0.053526210007071 
   0.177119042358825 	    0.057549455967828 
   0.189501320334111 	    0.061572702050504 
   0.201883598242433 	    0.065595948266641 
   0.214265876076251 	    0.069619194628167 
   0.226648153828512 	    0.073642441147266 
   0.239030431492538 	    0.077665687836230 
   0.251412709061929 	    0.081688934707265 
   0.263794986530452 	    0.085712181772268 
   0.276177263891905 	    0.089735429042557 
   0.288559541139934 	    0.093758676528565 
   0.300941818267754 	    0.097781924239452 
   0.313324095267730 	    0.101805172182613 
   0.325706372130725 	    0.105828420362964 
   0.338088648845026 	    0.109851668781728 
   0.350470925394485 	    0.113874917434003 
   0.362853201755309 	    0.117898166303529 
   0.375235477889638 	    0.121921415348161 
   0.387617753741734 	    0.125944664463243 
   0.400000029261194 	    0.129967913407786 
   0.028279256488022 	    0.010014203802800 
   0.040669948511778 	    0.014401978854480 
   0.053060640921108 	    0.018789752882053 
   0.065451333676743 	    0.023177526726623 
   0.077842026643138 	    0.027565300554682 
   0.090232719729893 	    0.031953074416243 
   0.102623412880249 	    0.036340848332376 
   0.115014106057285 	    0.040728622315803 
   0.127404799235518 	    0.045116396376900 
   0.139795492396208 	    0.049504170525662 
   0.152186185524747 	    0.053891944772370 
   0.164576878609173 	    0.058279719127822 
   0.176967571639297 	    0.062667493603392 
   0.189358264606158 	    0.067055268211017 
   0.201748957501684 	    0.071443042963141 
   0.214139650318466 	    0.075830817872630 
   0.226530343049592 	    0.080218592952664 
   0.238921035688521 	    0.084606368216593 
   0.251311728228960 	    0.088994143677790 
   0.263702420664735 	    0.093381919349466 
   0.276093112989627 	    0.097769695244487 
   0.288483805197156 	    0.102157471375181 
   0.300874497280278 	    0.106545247753145 
   0.313265189230945 	    0.110933024389061 
   0.325655881039442 	    0.115320801292490 
   0.338046572693284 	    0.119708578471534 
   0.350437264175292 	    0.124096355932146 
   0.362827955459639 	    0.128484133675458 
   0.375218646503800 	    0.132871911691455 
   0.387609337220138 	    0.137259689915319 
   0.400000027472094 	    0.141647468086786 
   0.028007424420813 	    0.010751036365841 
   0.040407177446286 	    0.015510856535810 
   0.052806930920758 	    0.020270675624992 
   0.065206684750725 	    0.025030494522827 
   0.077606438789921 	    0.029790313404884 
   0.090006192945044 	    0.034550132323813 
   0.102405947158580 	    0.039309951301849 
   0.114805701393492 	    0.044069770352538 
   0.127205455624323 	    0.048829589487015 
   0.139605209832369 	    0.053589408716036 
   0.152004964003052 	    0.058349228050663 
   0.164404718124438 	    0.063109047502498 
   0.176804472186371 	    0.067868867083741 
   0.189204226179940 	    0.072628686807185 
   0.201603980097134 	    0.077388506686166 
   0.214003733930605 	    0.082148326734484 
   0.226403487673491 	    0.086908146966311 
   0.238803241319263 	    0.091667967396074 
   0.251202994861577 	    0.096427788038343 
   0.263602748294100 	    0.101187608907703 
   0.276002501610307 	    0.105947430018663 
   0.288402254803200 	    0.110707251385587 
   0.300802007864948 	    0.115467073022715 
   0.313201760786365 	    0.120226894944307 
   0.325601513556146 	    0.124986717165015 
   0.338001266159643 	    0.129746539700633 
   0.350401018576720 	    0.134506362569388 
   0.362800770777528 	    0.139266185794813 
   0.375200522712176 	    0.144026009407075 
   0.387600274282914 	    0.148785833464648 
   0.400000025138464 	    0.153545657850809 
   0.027716397463008 	    0.011480500705302 
   0.040125851317200 	    0.016620665792575 
   0.052535305686821 	    0.021760829746825 
   0.064944760421339 	    0.026900993502556 
   0.077354215363162 	    0.032041157243672 
   0.089763670415933 	    0.037181321025188 
   0.102173125521391 	    0.042321484870411 
   0.114582580642402 	    0.047461648793684 
   0.126992035753542 	    0.052601812806901 
   0.139401490836128 	    0.057741976921585 
   0.151810945875581 	    0.062882141149579 
   0.164220400859962 	    0.068022305503281 
   0.176629855779108 	    0.073162469995712 
   0.189039310624104 	    0.078302634640511 
   0.201448765386932 	    0.083442799451895 
   0.213858220060217 	    0.088582964444596 
   0.226267674637030 	    0.093723129633783 
   0.238677129110701 	    0.098863295034985 
   0.251086583474628 	    0.104003460664011 
   0.263496037722042 	    0.109143626536903 
   0.275905491845724 	    0.114283792669925 
   0.288314945837629 	    0.119423959079648 
   0.300724399688371 	    0.124564125783188 
   0.313133853386489 	    0.129704292798707 
   0.325543306917327 	    0.134844460146409 
   0.337952760261181 	    0.139984627850438 
   0.350362213389846 	    0.145124795942784 
   0.362771666259287 	    0.150264964471190 
   0.375181118789916 	    0.155405133522621 
   0.387590570808779 	    0.160545303273959 
   0.400000021751923 	    0.165685474480345 
   0.027406375070025 	    0.012202096882727 
   0.039826162931832 	    0.017731743760883 
   0.052245951378211 	    0.023261389458372 
   0.064665740199026 	    0.028791034951407 
   0.077085529224747 	    0.034320680431445 
   0.089505318355834 	    0.039850325955572 
   0.101925107533310 	    0.045379971548066 
   0.114344896719976 	    0.050909617224049 
   0.126764685890436 	    0.056439262996180 
   0.139184475026008 	    0.061968908876753 
   0.151604264112079 	    0.067498554878392 
   0.164024053136658 	    0.073028201014289 
   0.176443842089525 	    0.078557847298274 
   0.188863630961695 	    0.084087493744824 
   0.201283419745057 	    0.089617140369033 
   0.213703208432102 	    0.095146787186564 
   0.226122997015696 	    0.100676434213602 
   0.238542785488841 	    0.106206081466808 
   0.250962573844427 	    0.111735728963302 
   0.263382362074913 	    0.117265376720682 
   0.275802150171923 	    0.122795024757134 
   0.288221938125706 	    0.128324673091668 
   0.300641725924357 	    0.133854321744610 
   0.313061513552671 	    0.139383970738504 
   0.325481300990288 	    0.144913620099822 
   0.337901088208436 	    0.150443269862276 
   0.350320875163640 	    0.155972920073629 
   0.362740661784043 	    0.161502570811631 
   0.375160447940967 	    0.167032222224654 
   0.387580233382655 	    0.172561874663007 
   0.400000017928325 	    0.178091529229028 
   0.027077569715820 	    0.012915330352108 
   0.039508317682077 	    0.018844494097460 
   0.051939066304486 	    0.024773656619214 
   0.064369815310923 	    0.030702818931882 
   0.076800564519299 	    0.036631981233646 
   0.089231313826793 	    0.042561143583348 
   0.101662063173770 	    0.048490306006137 
   0.114092812523006 	    0.054419468517898 
   0.126523561849128 	    0.060348631132067 
   0.138954311133420 	    0.066277793861718 
   0.151385060361193 	    0.072206956720255 
   0.163815809520351 	    0.078136119721657 
   0.176246558600552 	    0.084065282880560 
   0.188677307592660 	    0.089994446212271 
   0.201108056488374 	    0.095923609732757 
   0.213538805279925 	    0.101852773458621 
   0.225969553959805 	    0.107781937407089 
   0.238400302520478 	    0.113711101596011 
   0.250831050954044 	    0.119640266043908 
   0.263261799251810 	    0.125569430770087 
   0.275692547403736 	    0.131498595794880 
   0.288123295397647 	    0.137427761140080 
   0.300554043218107 	    0.143356926829727 
   0.312984790844691 	    0.149286092891523 
   0.325415538249185 	    0.155215259359443 
   0.337846285390841 	    0.161144426278808 
   0.350277032208171 	    0.167073593716739 
   0.362707778606775 	    0.173002761785285 
   0.375138524449849 	    0.178931930691525 
   0.387569269630740 	    0.184861100862640 
   0.400000014430465 	    0.190790272693015 
   0.026730206747267 	    0.013619712298820 
   0.039172533403638 	    0.019959395547349 
   0.051614860789928 	    0.026299077534145 
   0.064057188569802 	    0.032638759308601 
   0.076499516547967 	    0.038978441074746 
   0.088941844618265 	    0.045318122892824 
   0.101384172720500 	    0.051657804788761 
   0.113826500817468 	    0.057997486779209 
   0.126268828883802 	    0.064337168878393 
   0.138711156900710 	    0.070676851100175 
   0.151153484853372 	    0.077016533458742 
   0.163595812729525 	    0.083356215968856 
   0.176038140518626 	    0.089695898645949 
   0.188480468211297 	    0.096035581506155 
   0.200922795798931 	    0.102375264566316 
   0.213365123273351 	    0.108714947843995 
   0.225807450626496 	    0.115054631357498 
   0.238249777850053 	    0.121394315125940 
   0.250692104935036 	    0.127733999169374 
   0.263134431871220 	    0.134073683509021 
   0.275576758646400 	    0.140413368167675 
   0.288019085245350 	    0.146753053170383 
   0.300461411648328 	    0.153092738545622 
   0.312903737828868 	    0.159432424327335 
   0.325346063750531 	    0.165772110558627 
   0.337788389362453 	    0.172111797298591 
   0.350230714595146 	    0.178451484635177 
   0.362673039363980 	    0.184791172707119 
   0.375115363607651 	    0.191130861736122 
   0.387557687414452 	    0.197470551966740 
   0.400000011074138 	    0.203810243361930 
   0.026364524229720 	    0.014314759974634 
   0.038819040226728 	    0.021077011639651 
   0.051273557029399 	    0.027839262009653 
   0.063728074235077 	    0.034601512165526 
   0.076182591634573 	    0.041363762316186 
   0.088637109118407 	    0.048126012522909 
   0.101091626625964 	    0.054888262812310 
   0.113546144120102 	    0.061650513201825 
   0.126000661575433 	    0.068412763706488 
   0.138455178973032 	    0.075175014340959 
   0.150909696297883 	    0.081937265120207 
   0.163364213537482 	    0.088699516059773 
   0.175818730680997 	    0.095461767175882 
   0.188273247718699 	    0.102224018485492 
   0.200727764641540 	    0.108986270006331 
   0.213182281440781 	    0.115748521756948 
   0.225636798107604 	    0.122510773756787 
   0.238091314632688 	    0.129273026026333 
   0.250545831005667 	    0.136035278587343 
   0.263000347214448 	    0.142797531463219 
   0.275454863244295 	    0.149559784679621 
   0.287909379076593 	    0.156322038265453 
   0.300363894687196 	    0.163084292254485 
   0.312818410044306 	    0.169846546688057 
   0.325272925106221 	    0.176608801619596 
   0.337727439820545 	    0.183371057121951 
   0.350181954129655 	    0.190133313297590 
   0.362636467993323 	    0.196895570287350 
   0.375090981442482 	    0.203657828246609 
   0.387545494624544 	    0.210420087232296 
   0.400000007756706 	    0.217182347065858 
   0.025980772783862 	    0.014999997028572 
   0.038448080418339 	    0.022198001715738 
   0.050915388936063 	    0.029396005079500 
   0.063382697865954 	    0.036594008228907 
   0.075850006984199 	    0.043792011376706 
   0.088317316178103 	    0.050990014584799 
   0.100784625386822 	    0.058188017880440 
   0.113251934573315 	    0.065386021281873 
   0.125719243712121 	    0.072584024804971 
   0.138186552784117 	    0.079782028465199 
   0.150653861774014 	    0.086980032278309 
   0.163121170668981 	    0.094178036260617 
   0.175588479457791 	    0.101376040429138 
   0.188055788130244 	    0.108574044801658 
   0.200523096676708 	    0.115772049396808 
   0.212990405087705 	    0.122970054234159 
   0.225457713353470 	    0.130168059334376 
   0.237925021463442 	    0.137366064719446 
   0.250392329405644 	    0.144564070413040 
   0.262859637165900 	    0.151762076441063 
   0.275326944726839 	    0.158960082832513 
   0.287794252066684 	    0.166158089620790 
   0.300261559157903 	    0.173356096845732 
   0.312728865966165 	    0.180554104556700 
   0.325196172450855 	    0.187752112816935 
   0.337663478569997 	    0.194950121708544 
   0.350130784294375 	    0.202148131334513 
   0.362598089634792 	    0.209346141805433 
   0.375065394669917 	    0.216544153189600 
   0.387532699539769 	    0.223742165435263 
   0.400000004384538 	    0.230940178344807 
   0.025579215413942 	    0.015674953833379 
   0.038059908216199 	    0.023323133535698 
   0.050540601981072 	    0.030971311891137 
   0.063021296166851 	    0.038619490033679 
   0.075501990534317 	    0.046267668178697 
   0.087982684967814 	    0.053915846388311 
   0.100463379406511 	    0.061564024690392 
   0.112944073813479 	    0.069212203104046 
   0.125424768163116 	    0.076860381646005 
   0.137905462436017 	    0.084508560332551 
   0.150386156616536 	    0.092156739180216 
   0.162866850691411 	    0.099804918206094 
   0.175347544648906 	    0.107453097427987 
   0.187828238478213 	    0.115101276864517 
   0.200308932168963 	    0.122749456535241 
   0.212789625710766 	    0.130397636460810 
   0.225270319092720 	    0.138045816663202 
   0.237751012302849 	    0.145693997166067 
   0.250231705327431 	    0.153342177995233 
   0.262712398150209 	    0.160990359179459 
   0.275193090751503 	    0.168638540751533 
   0.287673783107371 	    0.176286722749856 
   0.300154475189206 	    0.183934905220643 
   0.312635166964687 	    0.191583088220682 
   0.325115858401769 	    0.199231271819927 
   0.337596549477969 	    0.206879456101480 
   0.350077240196065 	    0.214527641153061 
   0.362557930600893 	    0.222175827040957 
   0.375038620781901 	    0.229824013766440 
   0.387519310846620 	    0.237472201233273 
   0.400000000876429 	    0.245120389265933 
   0.025160127327531 	    0.016339167807390 
   0.037654789654509 	    0.024453297759897 
   0.050149453025343 	    0.032567426347003 
   0.062644116825167 	    0.040681554724482 
   0.075138780798557 	    0.048795683108950 
   0.087633444827359 	    0.056909811562338 
   0.100128108851031 	    0.065023940113177 
   0.112622772832731 	    0.073138068781496 
   0.125117436746614 	    0.081252197584916 
   0.137612100572905 	    0.089366326540536 
   0.150106764295500 	    0.097480455665674 
   0.162601427900595 	    0.105594584978199 
   0.175096091375812 	    0.113708714496705 
   0.187590754709589 	    0.121822844240661 
   0.200085417890659 	    0.129936974230585 
   0.212580080907556 	    0.138051104488272 
   0.225074743748092 	    0.146165235037127 
   0.237569406398773 	    0.154279365902636 
   0.250064068844166 	    0.162393497113032 
   0.262558731066247 	    0.170507628700241 
   0.275053393043881 	    0.178621760701157 
   0.287548054752768 	    0.186735893159305 
   0.300042716166481 	    0.194850026126722 
   0.312537377259641 	    0.202964159665446 
   0.325032038014331 	    0.211078293846992 
   0.337526698430007 	    0.219192428746580 
   0.350021358534059 	    0.227306564427833 
   0.362516018385518 	    0.235420700917000 
   0.375010678063067 	    0.243534838177651 
   0.387505337638099 	    0.251648976107086 
   0.399999997148984 	    0.259763114561707 
   0.024723795746916 	    0.016992183731568 
   0.037233002381609 	    0.025589524666303 
   0.049742210143531 	    0.034186864222147 
   0.062251418341525 	    0.042784203573591 
   0.074760626703227 	    0.051381542936860 
   0.087269835108724 	    0.059978882373357 
   0.099779043498046 	    0.068576221912378 
   0.112288251834343 	    0.077173561574954 
   0.124797460091413 	    0.085770901379605 
   0.137306668249008 	    0.094368241344256 
   0.149815876290457 	    0.102965581487016 
   0.162325084201280 	    0.111562921826529 
   0.174834291968318 	    0.120160262382188 
   0.187343499579097 	    0.128757603174329 
   0.199852707021299 	    0.137354944224469 
   0.212361914282237 	    0.145952285555622 
   0.224871121348343 	    0.154549627192740 
   0.237380328204630 	    0.163146969163311 
   0.249889534834208 	    0.171744311498182 
   0.262398741217964 	    0.180341654232626 
   0.274907947334682 	    0.188938997407660 
   0.287417153162054 	    0.197536341071429 
   0.299926358679216 	    0.206133685280199 
   0.312435563871408 	    0.214731030097819 
   0.324944768736688 	    0.223328375591790 
   0.337453973292955 	    0.231925721823608 
   0.349963177581147 	    0.240523068832707 
   0.362472381659339 	    0.249120416618640 
   0.374981585586157 	    0.257717765132403 
   0.387490789400081 	    0.266315114285056 
   0.399999993106179 	    0.274912463966756 
   0.024270519712256 	    0.017633554061502 
   0.036794835469669 	    0.026733003543823 
   0.049319152440323 	    0.035832451638962 
   0.061843469852602 	    0.044931899537019 
   0.074367787416689 	    0.054031347451895 
   0.086892105012012 	    0.063130795444257 
   0.099416422579393 	    0.072230243544362 
   0.111940740081797 	    0.081329691774298 
   0.124465057492536 	    0.090429140153494 
   0.136989374790786 	    0.099528588700711 
   0.149513691959179 	    0.108628037434857 
   0.162038008982415 	    0.117727486375354 
   0.174562325846396 	    0.126826935542403 
   0.187086642537585 	    0.135926384957228 
   0.199610959042463 	    0.145025834642393 
   0.212135275347024 	    0.154125284622207 
   0.224659591436312 	    0.163224734923276 
   0.237183907294027 	    0.172324185575220 
   0.249708222902329 	    0.181423636611591 
   0.262232538242036 	    0.190523088070955 
   0.274756853293554 	    0.199622539997996 
   0.287281168038945 	    0.208721992444254 
   0.299805482465455 	    0.217821445467748 
   0.312329796570348 	    0.226920899130294 
   0.324854110365862 	    0.236020353491175 
   0.337378423881763 	    0.245119808596762 
   0.349902737162197 	    0.254219264468347 
   0.362427050255050 	    0.263318721094068 
   0.374951363196220 	    0.272418178430858 
   0.387475675995227 	    0.281517636415514 
   0.399999988627909 	    0.290617094975032 
   0.023800609876649 	    0.018262839234150 
   0.036340589216549 	    0.027885105302154 
   0.048880569859191 	    0.037507369980227 
   0.061420550946657 	    0.047129634470699 
   0.073960532171712 	    0.056751898982907 
   0.086500513414650 	    0.066374163576819 
   0.099040494617113 	    0.075996428283907 
   0.111580475741623 	    0.085618693127341 
   0.124120456760898 	    0.095240958127466 
   0.136660437653421 	    0.104863223303898 
   0.149200418400974 	    0.114485488676348 
   0.161740398987276 	    0.124107754265028 
   0.174280379397131 	    0.133730020090952 
   0.186820359615786 	    0.143352286176262 
   0.199360339628403 	    0.152974552544612 
   0.211900319419613 	    0.162596819221673 
   0.224440298973177 	    0.172219086235776 
   0.236980278271837 	    0.181841353618708 
   0.249520257297540 	    0.191463621406629 
   0.262060236032264 	    0.201085889640988 
   0.274600214459725 	    0.210708158369137 
   0.287140192568146 	    0.220330427644116 
   0.299680170353913 	    0.229952697522817 
   0.312220147825261 	    0.239574968061739 
   0.324760125004334 	    0.249197239310072 
   0.337300101925436 	    0.258819511301477 
   0.349840078627957 	    0.268441784047966 
   0.362380055144688 	    0.278064057540073 
   0.374920031488813 	    0.287686331754419 
   0.387460007643382 	    0.297308606663822 
   0.399999983554726 	    0.306930882241173 
   0.023314388293233 	    0.018879607969120 
   0.035870574939957 	    0.029047408965433 
   0.048426762983731 	    0.039215208575239 
   0.060982951471868 	    0.049383008009027 
   0.073539140080932 	    0.059550807469080 
   0.086095328693967 	    0.069718607015102 
   0.098651517253105 	    0.079886406680028 
   0.111207705720149 	    0.090054206488084 
   0.123763894067144 	    0.100222006460551 
   0.136320082271736 	    0.110389806617926 
   0.148876270314682 	    0.120557606980733 
   0.161432458178552 	    0.130725407569977 
   0.173988645846884 	    0.140893208407503 
   0.186544833303571 	    0.151061009516393 
   0.199101020532376 	    0.161228810921427 
   0.211657207516605 	    0.171396612649673 
   0.224213394238959 	    0.181564414731186 
   0.236769580681740 	    0.191732217199803 
   0.249325766827554 	    0.201900020093923 
   0.261881952660732 	    0.212067823457039 
   0.274438138169554 	    0.222235627337651 
   0.286994323349108 	    0.232403431787994 
   0.299550508204147 	    0.242571236861103 
   0.312106692750773 	    0.252739042606082 
   0.324662877015431 	    0.262906849062467 
   0.337219061030052 	    0.273074656255926 
   0.349775244823423 	    0.283242464198316 
   0.362331428410527 	    0.293410272893946 
   0.374887611782145 	    0.303578082350477 
   0.387443794895602 	    0.313745892589530 
   0.399999977664567 	    0.323913703648951 
   0.022812188194481 	    0.019483437564283 
   0.035385114764052 	    0.030221732878379 
   0.047958042831735 	    0.040960026816676 
   0.060530971337613 	    0.051698320592260 
   0.073103899945555 	    0.062436614397933 
   0.085676828543272 	    0.073174908294094 
   0.098249757072526 	    0.083913202315234 
   0.110822685494244 	    0.094651496486581 
   0.123395613779744 	    0.105389790830412 
   0.135968541905634 	    0.116128085368128 
   0.148541469851458 	    0.126866380121075 
   0.161114397598458 	    0.137604675111058 
   0.173687325128747 	    0.148342970360766 
   0.186260252424744 	    0.159081265894236 
   0.198833179468793 	    0.169819561737392 
   0.211406106242990 	    0.180557857918674 
   0.223979032729324 	    0.191296154469742 
   0.236551958910255 	    0.202034451426154 
   0.249124884769885 	    0.212772748827836 
   0.261697810295760 	    0.223511046719069 
   0.274270735481147 	    0.234249345147585 
   0.286843660327299 	    0.244987644162455 
   0.299416584844812 	    0.255725943810720 
   0.311989509052988 	    0.266464244133401 
   0.324562432976287 	    0.277202545162465 
   0.337135356637772 	    0.287940846920993 
   0.349708280050553 	    0.298679149428479 
   0.362281203208972 	    0.309417452711584 
   0.374854126080528 	    0.320155756819208 
   0.387427048596150 	    0.330894061838328 
   0.399999970636781 	    0.341632367906701 
   0.022294353763842 	    0.020073914185522 
   0.034884541398622 	    0.031410171660473 
   0.047474730642157 	    0.042746427779504 
   0.060064920308766 	    0.054082683749830 
   0.072655110057470 	    0.065418939753236 
   0.085245299781535 	    0.076755195852216 
   0.097835489421028 	    0.088091452082564 
   0.110425678936197 	    0.099427708470546 
   0.123015868297467 	    0.110763965039521 
   0.135606057480161 	    0.122100221811802 
   0.148196246462427 	    0.133436478809567 
   0.160786435223989 	    0.144772736055431 
   0.173376623745385 	    0.156108993572937 
   0.185966812007485 	    0.167445251387078 
   0.198556999991245 	    0.178781509524887 
   0.211147187677758 	    0.190117768016069 
   0.223737375048703 	    0.201454026893603 
   0.236327562087274 	    0.212790286194170 
   0.248917748779637 	    0.224126545958170 
   0.261507935116754 	    0.235462806229051 
   0.274098121096175 	    0.246799067051710 
   0.286688306723085 	    0.258135328469957 
   0.299278492009779 	    0.269471590523547 
   0.311868676972809 	    0.280807853245903 
   0.324458861627615 	    0.292144116664259 
   0.337049045981282 	    0.303480380803875 
   0.349639230024703 	    0.314816645697210 
   0.362229413725586 	    0.326152911398134 
   0.374819597023123 	    0.337489178001878 
   0.387409779824726 	    0.348825445681268 
   0.399999961990013 	    0.360161714713476 
   0.021761239899869 	    0.020650633150422 
   0.034369197910992 	    0.032615140210677 
   0.046977157655136 	    0.044579645947183 
   0.059585117793136 	    0.056544151547435 
   0.072193077994987 	    0.068508657183502 
   0.084801038156748 	    0.080473162920986 
   0.097408998216012 	    0.092437668796435 
   0.110016958132851 	    0.104402174837444 
   0.122624917876322 	    0.116366681068457 
   0.135232877420301 	    0.128331187512723 
   0.147840836741317 	    0.140295694193269 
   0.160448795817391 	    0.152260201133527 
   0.173056754627360 	    0.164224708357887 
   0.185664713150505 	    0.176189215892270 
   0.198272671366495 	    0.188153723764724 
   0.210880629255678 	    0.200118232005978 
   0.223488586799802 	    0.212082740649836 
   0.236096543983157 	    0.224047249733222 
   0.248704500794020 	    0.236011759295642 
   0.261312457226039 	    0.247976269377904 
   0.273920413278988 	    0.259940780020090 
   0.286528368958181 	    0.271905291259193 
   0.299136324271893 	    0.283869803127274 
   0.311744279226544 	    0.295834315651437 
   0.324352233819948 	    0.307798828856987 
   0.336960188033535 	    0.319763342774629 
   0.349568141824690 	    0.331727857451865 
   0.362176095120552 	    0.343692372968479 
   0.374784047816607 	    0.355656889458162 
   0.387391999795543 	    0.367621407143753 
   0.399999951052394 	    0.379585926542001 
   0.021213211973025 	    0.021213199205720 
   0.033839437490819 	    0.033839426412247 
   0.046465664885254 	    0.046465652344567 
   0.059091892622053 	    0.059091878146909 
   0.071718120412513 	    0.071718103990072 
   0.084344348142888 	    0.084344329940383 
   0.096970575752147 	    0.096970556035777 
   0.109596803199025 	    0.109596782305221 
   0.122223030451128 	    0.122223008774277 
   0.134849257480618 	    0.134849235467165 
   0.147475484262183 	    0.147475462407773 
   0.160101710771966 	    0.160101689620347 
   0.172727936987002 	    0.172727917130105 
   0.185354162885002 	    0.185354144963817 
   0.197980388444490 	    0.197980373150356 
   0.210606613645314 	    0.210606601721076 
   0.223232838469516 	    0.223232830709883 
   0.235859062902427 	    0.235859060152803 
   0.248485286933701 	    0.248485290086886 
   0.261111510557771 	    0.261111520548501 
   0.273737733773109 	    0.273737751571315 
   0.286363956579701 	    0.286363983184680 
   0.298990178974356 	    0.298990215413434 
   0.311616400943932 	    0.311616448280177 
   0.324242622456939 	    0.324242681810768 
   0.336868843454203 	    0.336868916043122 
   0.349495063839253 	    0.349495151038678 
   0.362121283469845 	    0.362121386894628 
   0.374747502158430 	    0.374747623748811 
   0.387373719716273 	    0.387373861743674 
   0.399999936355496 	    0.400000100639136 
   0.020650645591386 	    0.021761226779144 
   0.032615150782550 	    0.034369186309261 
   0.044579657870485 	    0.046977144695043 
   0.056544165299384 	    0.059585102909022 
   0.068508672784184 	    0.072193061156534 
   0.080473180213491 	    0.084801019494192 
   0.092437687528500 	    0.097408977960485 
   0.104402194689794 	    0.110016936582442 
   0.116366701666507 	    0.122624895383528 
   0.128331208432178 	    0.135232854385471 
   0.140295714962804 	    0.147840813609318 
   0.152260221235867 	    0.160448773076068 
   0.164224727229833 	    0.173056732807192 
   0.176189232923959 	    0.185664692825090 
   0.188153738298374 	    0.198272653153481 
   0.200118243334406 	    0.210880613817664 
   0.212082748015134 	    0.223488574844526 
   0.224047252326029 	    0.236096536262216 
   0.236011756255498 	    0.248704498099376 
   0.247976259794974 	    0.261312460383980 
   0.259940762938164 	    0.273920423141970 
   0.271905265679071 	    0.286528386396076 
   0.283869768008463 	    0.299136350165413 
   0.295834269908729 	    0.311744314466438 
   0.307798771347197 	    0.324352279315754 
   0.319763272268076 	    0.336960244734883 
   0.331727772582940 	    0.349568210756679 
   0.343692272158954 	    0.362176177432235 
   0.355656770801826 	    0.374784144834371 
   0.367621268226033 	    0.387392113041256 
   0.379585763855084 	    0.400000082013278 
   0.020073926285350 	    0.022294340291427 
   0.031410181740379 	    0.034884529284210 
   0.042746439097573 	    0.047474717247120 
   0.054082696799631 	    0.060064905015234 
   0.065418954557728 	    0.072655092802650 
   0.076755212264963 	    0.085245280667311 
   0.088091469864154 	    0.097835468644939 
   0.099427727317694 	    0.110425656761814 
   0.110763984596186 	    0.123015845039546 
   0.122100241674471 	    0.135606033497852 
   0.133436498529775 	    0.148196222155450 
   0.144772755140809 	    0.160786411030697 
   0.156109011487309 	    0.173376600142032 
   0.167445267549865 	    0.185966789508353 
   0.178781523309955 	    0.198556979149301 
   0.190117778750156 	    0.211147169085441 
   0.201454033854477 	    0.223737359338248 
   0.212790288608733 	    0.236327549929857 
   0.224126543000780 	    0.248917740882519 
   0.235462797020401 	    0.261507932217808 
   0.246799050658579 	    0.274098123955693 
   0.258135303905879 	    0.286688316113728 
   0.269471556749726 	    0.299278508706694 
   0.280807809170465 	    0.311868701747065 
   0.292144061136166 	    0.324458895246606 
   0.303480312596165 	    0.337049089219245 
   0.314816563473125 	    0.349639283685180 
   0.326152813652636 	    0.362229478675904 
   0.337489062967810 	    0.374819674239515 
   0.348825311166809 	    0.387409870444923 
   0.360161557889286 	    0.400000067398366 
   0.019483449310557 	    0.022812174373920 
   0.030221742478766 	    0.035385102145956 
   0.040960037544000 	    0.047958028991883 
   0.051698332959361 	    0.060530955631981 
   0.062436628430996 	    0.073103882275592 
   0.073174923855669 	    0.085676808984567 
   0.083913219178283 	    0.098249735792570 
   0.094651514362768 	    0.110822662724807 
   0.105389809381171 	    0.123395589801591 
   0.116128104209574 	    0.135968517040946 
   0.126866398826371 	    0.148541444459701 
   0.137604693211411 	    0.161114372074060 
   0.148342987345584 	    0.173687299900015 
   0.159081281210664 	    0.186260227953656 
   0.169819574789305 	    0.198833156251399 
   0.180557868065184 	    0.211406084810108 
   0.191296161023192 	    0.223979013647082 
   0.202034453649637 	    0.236551942779866 
   0.212772745932310 	    0.249124872225870 
   0.223511037860275 	    0.261697802001828 
   0.234249329423192 	    0.274270732123186 
   0.244987620610005 	    0.286843662603576 
   0.255725911406834 	    0.299416593454601 
   0.266464201793983 	    0.311989524686162 
   0.277202491742032 	    0.324562456307550 
   0.287940781206988 	    0.337135388329467 
   0.298679070124396 	    0.349708320767065 
   0.309417358402073 	    0.362281253644117 
   0.320155645910395 	    0.374854186998787 
   0.330893932470779 	    0.387427120893389 
   0.341632217844449 	    0.400000055428532 
   0.018879619351169 	    0.023314374129610 
   0.029047418097354 	    0.035870561826378 
   0.039215218727453 	    0.048426748693397 
   0.049383019712369 	    0.060982935351192 
   0.059550820754408 	    0.073539121997573 
   0.069718621752811 	    0.086095308697700 
   0.079886422654787 	    0.098651495484380 
   0.090054223425754 	    0.111207682381650 
   0.100222024039105 	    0.123763869408784 
   0.110389824472129 	    0.136320056582461 
   0.120557624704326 	    0.148876243917959 
   0.130725424716618 	    0.161432431429738 
   0.140893224490964 	    0.173988619131815 
   0.151061024010208 	    0.186544807038037 
   0.161228823258069 	    0.199100995162266 
   0.171396622219220 	    0.211657183518479 
   0.181564420879407 	    0.224213372120752 
   0.191732219225545 	    0.236769560983130 
   0.201900017245699 	    0.249325750119363 
   0.212067814928839 	    0.261881939542549 
   0.222235612264254 	    0.274438129264745 
   0.232403409240497 	    0.286994319296663 
   0.242571205843780 	    0.299550509647595 
   0.252739002055746 	    0.312106700325735 
   0.262906797850625 	    0.324662891339064 
   0.273074593191792 	    0.337219082696949 
   0.283242388027783 	    0.349775274412583 
   0.293410182287821 	    0.362331466506482 
   0.303577975877137 	    0.374887659011543 
   0.313745768672930 	    0.387443851980561 
   0.323913560525084 	    0.400000045497615 
   0.018262850242604 	    0.023800595376372 
   0.027885113975853 	    0.036340575615420 
   0.037507379573461 	    0.048880555115953 
   0.047129645529115 	    0.061420534408771 
   0.056751911543269 	    0.073960513677053 
   0.066374177516813 	    0.086500492987747 
   0.075996443399182 	    0.099040472373610 
   0.085618709157318 	    0.111580451857701 
   0.095240974765885 	    0.124120431458387 
   0.104863240203329 	    0.136660411191281 
   0.114485505450216 	    0.149200391070406 
   0.124107770488485 	    0.161740371108806 
   0.133730035301093 	    0.174280351318910 
   0.143352299871879 	    0.186820331712776 
   0.152974564185537 	    0.199360312302253 
   0.162596828227672 	    0.211900293099065 
   0.172219091984865 	    0.224440274114806 
   0.181841355444718 	    0.236980255360856 
   0.191463618595797 	    0.249520236848207 
   0.201085881427395 	    0.262060218587235 
   0.210708143929051 	    0.274600200587479 
   0.220330406089726 	    0.287140182857490 
   0.229952667896606 	    0.299680165404877 
   0.239574929333488 	    0.312220148236652 
   0.249197190378787 	    0.324760131360013 
   0.258819451003217 	    0.337300114783678 
   0.268441711167290 	    0.349840098519886 
   0.278063970818866 	    0.362380082587239 
   0.287686229891220 	    0.374920067014602 
   0.297308488302707 	    0.387460051846453 
   0.306930745960159 	    0.400000037149727 
   0.017633564687977 	    0.024270504882868 
   0.026733011769109 	    0.036794821389060 
   0.035832460689490 	    0.049319137244371 
   0.044931909969340 	    0.061843452896663 
   0.054031359309341 	    0.074367768513319 
   0.063130808611635 	    0.086892084161548 
   0.072230257827679 	    0.099416399874403 
   0.081329706925948 	    0.111940715674255 
   0.090429155882341 	    0.124465031578693 
   0.099528604676411 	    0.136989347602469 
   0.108628053289749 	    0.149513663758596 
   0.117727501705267 	    0.162037980058979 
   0.126826949906869 	    0.174562296514774 
   0.135926397879323 	    0.187086613136616 
   0.145025845608239 	    0.199610929934772 
   0.154125293080100 	    0.212135246919214 
   0.163224740282308 	    0.224659564099630 
   0.172324187203204 	    0.237183881485378 
   0.181423633831998 	    0.249708199085374 
   0.190523080158575 	    0.262232516907971 
   0.199622526173112 	    0.274756834960842 
   0.208721971865464 	    0.287281153250946 
   0.217821417224294 	    0.299805471784657 
   0.226920862235947 	    0.312329790568124 
   0.236020306883112 	    0.324854109607979 
   0.245119751143354 	    0.337378428912462 
   0.254219194987667 	    0.349902748493061 
   0.263318638379320 	    0.362427068366736 
   0.272418081273414 	    0.374951388558826 
   0.281517523617914 	    0.387475709106649 
   0.290616965357401 	    0.400000030063568 
   0.016992193968436 	    0.024723780596949 
   0.025589532452778 	    0.037232987830025 
   0.034186872746196 	    0.049742194497265 
   0.042784213398625 	    0.062251400968263 
   0.051381554112870 	    0.074760607394455 
   0.059978894792278 	    0.087269813842059 
   0.068576235390102 	    0.099779020344458 
   0.077173575876323 	    0.112288226923602 
   0.085770916228051 	    0.124797433596444 
   0.094368256425907 	    0.137306640377033 
   0.102965596452470 	    0.149815847277578 
   0.111562936291585 	    0.162325054309068 
   0.120160275928059 	    0.174834261481644 
   0.128757615347543 	    0.187343468804819 
   0.137354954536511 	    0.199852676287619 
   0.145952293482285 	    0.212361883938663 
   0.154549632173073 	    0.224871091766181 
   0.163146970597976 	    0.237380299778000 
   0.171744308746939 	    0.249889507981489 
   0.180341646610599 	    0.262398716383496 
   0.188938984179997 	    0.274907924990322 
   0.197536321446146 	    0.287417133807755 
   0.206133658399425 	    0.299926342841248 
   0.214730995028833 	    0.312435552096286 
   0.223328331321143 	    0.324944761579015 
   0.231925667260045 	    0.337453971297187 
   0.240523002825425 	    0.349963181261480 
   0.249120337992998 	    0.362472391487214 
   0.257717672734614 	    0.374981601996464 
   0.266315007019730 	    0.387490812820472 
   0.274912340818672 	    0.400000024002064 
   0.016339177647622 	    0.025160111866378 
   0.024453305117094 	    0.037654774641127 
   0.032567434360659 	    0.050149436933104 
   0.040681563960943 	    0.062644099037001 
   0.048795693624525 	    0.075138761088623 
   0.056909823256120 	    0.087633423152289 
   0.065023952810606 	    0.100128085261577 
   0.073138082259412 	    0.112622747438206 
   0.081252211580834 	    0.125117409698638 
   0.089366340756532 	    0.137612072056356 
   0.097480469770036 	    0.150106734522923 
   0.105594598606092 	    0.162601397108605 
   0.113708727250374 	    0.175096059822739 
   0.121822855689374 	    0.187590722673954 
   0.129936983910391 	    0.200085385670314 
   0.138051111901551 	    0.212580048819395 
   0.146165239651848 	    0.225074712128323 
   0.154279367151153 	    0.237569375603775 
   0.162393494390187 	    0.250064039251968 
   0.170507621360420 	    0.262558703078646 
   0.178621748053875 	    0.275053367089100 
   0.186735874462838 	    0.287548031288255 
   0.194850000579466 	    0.300042695680873 
   0.202964126395334 	    0.312537360271900 
   0.211078251900946 	    0.325032025067019 
   0.219192377085314 	    0.337526690073439 
   0.227306501935710 	    0.350021355300932 
   0.235420626437764 	    0.362516020763145 
   0.243534750576133 	    0.375010686479116 
   0.251648874336013 	    0.387505352474893 
   0.259762997705818 	    0.400000018785008 
   0.015674963270430 	    0.025579199651746 
   0.023323140473151 	    0.038059892751040 
   0.030971319410291 	    0.050540585448969 
   0.038619498700114 	    0.063021277967910 
   0.046267678054399 	    0.075501970428560 
   0.053915857379505 	    0.087982662892721 
   0.061564036631837 	    0.100463355393967 
   0.069212215784199 	    0.112944047953897 
   0.076860394816048 	    0.125424740588617 
   0.084508573710050 	    0.137905433311160 
   0.092156752450663 	    0.150386126132579 
   0.099804931023501 	    0.162866819062568 
   0.107453109415071 	    0.175347512109833 
   0.115101287612675 	    0.187828205282318 
   0.122749465604400 	    0.200308898587343 
   0.130397643379147 	    0.212789592031692 
   0.138045820926671 	    0.225270285621658 
   0.145693998237608 	    0.237750979363066 
   0.153342175303467 	    0.250231673261284 
   0.160990352116581 	    0.262712367321246 
   0.168638528669989 	    0.275193061547510 
   0.176286704957265 	    0.287673755944366 
   0.183934880972300 	    0.300154450516042 
   0.191583056709052 	    0.312635145267032 
   0.199231232161332 	    0.325115840202567 
   0.206879407322671 	    0.337596535329254 
   0.214527582186380 	    0.350077230655899 
   0.222175756745910 	    0.362557926194478 
   0.229823930995672 	    0.375038621961220 
   0.237472104932458 	    0.387519317977702 
   0.245120278557613 	    0.400000014271747 
   0.015000006056302 	    0.025980756731430 
   0.022198008243005 	    0.038448064512391 
   0.029396012119808 	    0.050915371971866 
   0.036594016343619 	    0.063382679262068 
   0.043792020632651 	    0.075849986489179 
   0.050990024895242 	    0.088317293712096 
   0.058188029089280 	    0.100784600964182 
   0.065386033188882 	    0.113251908266973 
   0.072584037174630 	    0.125719215636325 
   0.079782041030177 	    0.138186523084924 
   0.086980044740874 	    0.150653830623424 
   0.094178048293181 	    0.163121138261074 
   0.101376051674410 	    0.175588446006089 
   0.108574054872642 	    0.188055753865886 
   0.115772057876720 	    0.200523061847222 
   0.122970060676292 	    0.212990369956284 
   0.130168063261849 	    0.225457678198747 
   0.137366065624771 	    0.237924986579808 
   0.144564067757349 	    0.250392295104221 
   0.151762069652768 	    0.262859603776336 
   0.158960071305070 	    0.275326912600177 
   0.166158072709071 	    0.287794221579566 
   0.173356073860271 	    0.300261530718317 
   0.180554074754771 	    0.312728840020529 
   0.187752075389236 	    0.325196149490985 
   0.194950075760963 	    0.337663459135665 
   0.202148075868127 	    0.350130768962376 
   0.209346075710286 	    0.362598078981470 
   0.216544075289231 	    0.375065389206610 
   0.223742074610279 	    0.387532699655489 
   0.230940073684056 	    0.400000010350386 
   0.014314768587255 	    0.026364507898444 
   0.021077017766304 	    0.038819023892035 
   0.027839268586507 	    0.051273539642463 
   0.034601519746506 	    0.063728055233750 
   0.041363770972029 	    0.076182570758149 
   0.048126022173745 	    0.088637086271440 
   0.054888273311035 	    0.101091601806594 
   0.061650524359275 	    0.113546117385093 
   0.068412775300139 	    0.126000633022629 
   0.075175026118238 	    0.138455148731628 
   0.081937276799797 	    0.150909664522438 
   0.088699527332094 	    0.163364180403964 
   0.095461777703220 	    0.175818696384051 
   0.102224027902009 	    0.188273212469712 
   0.108986277918035 	    0.200727728667284 
   0.115748527741660 	    0.213182244982514 
   0.122510777364086 	    0.225636761420626 
   0.129273026777413 	    0.238091277986367 
   0.136035275974683 	    0.250545794684050 
   0.142797524949906 	    0.263000311517611 
   0.149559773698074 	    0.275454828490692 
   0.156322022215157 	    0.287909345606767 
   0.163084270498112 	    0.300363862869322 
   0.169846518544908 	    0.312818380282107 
   0.176608766354621 	    0.325272897849464 
   0.183371013927631 	    0.337727415576734 
   0.190133261265970 	    0.350181933470734 
   0.196895508373894 	    0.362636451540274 
   0.203657755258714 	    0.375090969796683 
   0.210420001931947 	    0.387545488254271 
   0.217182248410797 	    0.400000006930658 
   0.013619720490857 	    0.026730190149057 
   0.019959401282950 	    0.039172516653363 
   0.026299083662641 	    0.051614842991141 
   0.032638766373462 	    0.064057169180171 
   0.038978449149637 	    0.076499495299346 
   0.045318131904509 	    0.088941821401233 
   0.051657814598991 	    0.101384147518267 
   0.057997497209688 	    0.113826473671865 
   0.064337179719327 	    0.126268799877612 
   0.070676862113455 	    0.138711126147749 
   0.077016544379148 	    0.151153452492395 
   0.083356226504479 	    0.163595778920198 
   0.089695908478297 	    0.176038105438720 
   0.096035590290160 	    0.188480432054682 
   0.102375271930350 	    0.200922758774110 
   0.108714953389915 	    0.213365085602435 
   0.115054634660739 	    0.225807412544561 
   0.121394315735610 	    0.238249739604918 
   0.127733996608284 	    0.250692066787515 
   0.134073677273550 	    0.263134394096000 
   0.140413357727280 	    0.275576721533744 
   0.146753037966488 	    0.288019049103964 
   0.153092717989409 	    0.300461376809879 
   0.159432397795607 	    0.312903704654923 
   0.165772077386152 	    0.325346032643012 
   0.172111756763892 	    0.337788360778858 
   0.178451435933863 	    0.350230689068316 
   0.184791114903866 	    0.362673017518752 
   0.191130793685256 	    0.375115346139391 
   0.197470472293952 	    0.387557674941591 
   0.203810150751685 	    0.400000003939009 
   0.012915338118376 	    0.027077552863046 
   0.018844499451512 	    0.039508300530531 
   0.024773662314110 	    0.051939048106229 
   0.030702825497797 	    0.064369795543712 
   0.036631988746188 	    0.076800542909057 
   0.042561151975628 	    0.089231290251604 
   0.048490315148632 	    0.101662037603147 
   0.054419478243007 	    0.114092784985019 
   0.060348641242507 	    0.126523532412732 
   0.066277804133589 	    0.138954279898405 
   0.072206966904159 	    0.151385027451990 
   0.078136129543064 	    0.163815775081946 
   0.084065292039888 	    0.176246522795634 
   0.089994454384896 	    0.188677270599560 
   0.095923616569046 	    0.201108018499532 
   0.101852778584050 	    0.213538766500761 
   0.107781940422442 	    0.225969514607933 
   0.113711102077664 	    0.238400262825267 
   0.119640263544144 	    0.250831011156566 
   0.125569424817391 	    0.263261759605286 
   0.131498585894073 	    0.275692508174611 
   0.137427746772131 	    0.288123256867565 
   0.143356907450895 	    0.300554005687145 
   0.149286067931257 	    0.312984754636501 
   0.155215228215896 	    0.325415503719139 
   0.161144388309592 	    0.337846252939157 
   0.167073548219654 	    0.350277002301500 
   0.173002707956487 	    0.362707751812198 
   0.178931867534307 	    0.375138501478585 
   0.184861026972034 	    0.387569251309442 
   0.190790186294330 	    0.400000001315041 
   0.012202104218317 	    0.027406357975465 
   0.017731748742781 	    0.039826145394491 
   0.023261394734048 	    0.052245932794320 
   0.028791041035051 	    0.064665720066503 
   0.034320687399636 	    0.077085507264830 
   0.039850333747463 	    0.089505294435456 
   0.045379980042719 	    0.101925081609465 
   0.050909626264409 	    0.114344868808076 
   0.056439272397290 	    0.126764656046763 
   0.061968918428704 	    0.139184443337560 
   0.067498564347368 	    0.151604230690308 
   0.073028210142884 	    0.164024018113333 
   0.078557855805550 	    0.176443805613855 
   0.084087501326314 	    0.188863593198233 
   0.089617146696793 	    0.201283380872129 
   0.095146791909332 	    0.213703168640610 
   0.100676436957088 	    0.226122956508221 
   0.106206081834117 	    0.238542744479047 
   0.111735726535476 	    0.250962532556767 
   0.117265371057326 	    0.263382320744711 
   0.122795015397051 	    0.275802109045939 
   0.128324659553388 	    0.288221897463328 
   0.133854303526588 	    0.300641685999692 
   0.139383947318617 	    0.313061474657917 
   0.144913590933414 	    0.325481263441117 
   0.150443234377223 	    0.337901052352810 
   0.155972877659013 	    0.350320841397081 
   0.161502520791012 	    0.362740630578740 
   0.167032163789355 	    0.375160419903430 
   0.172561806674846 	    0.387580209377680 
   0.178091449473843 	    0.399999999008860 
   0.011480507605571 	    0.027716380139805 
   0.016620670411550 	    0.040125833410699 
   0.021760834617230 	    0.052535286732550 
   0.026900999120041 	    0.064944739937266 
   0.032041163684856 	    0.077354193066870 
   0.037181328234936 	    0.089763646164420 
   0.042321492736224 	    0.102173099260244 
   0.047461657168928 	    0.114582552375432 
   0.052601821518784 	    0.126992005525425 
   0.057741985774002 	    0.139401458722214 
   0.062882149924087 	    0.151810911975568 
   0.068022313959379 	    0.164220365293726 
   0.073162477870873 	    0.176629818683815 
   0.078302641650181 	    0.189039272152102 
   0.083442805289552 	    0.201448725704157 
   0.088582968781944 	    0.213858179344962 
   0.093723132121103 	    0.226267633078983 
   0.098863295301666 	    0.238677086910231 
   0.104003458319266 	    0.251086540842314 
   0.109143621170656 	    0.263495994878493 
   0.114283783853844 	    0.275905449021744 
   0.119423946368240 	    0.288314903274836 
   0.124564108714847 	    0.300724357640424 
   0.129704270896474 	    0.313133812121151 
   0.134844432918009 	    0.325543266719764 
   0.139984594786750 	    0.337952721439228 
   0.145124756512809 	    0.350362176282834 
   0.150264918109597 	    0.362771631254278 
   0.155405079594400 	    0.375181086357701 
   0.160545240989033 	    0.387590541597665 
   0.165685402320574 	    0.399999996979053 
   0.010751042826411 	    0.028007406882434 
   0.015510860800868 	    0.040407159188402 
   0.020270680103595 	    0.052806911612741 
   0.025030499689648 	    0.065206663930304 
   0.029790319335690 	    0.077606416171883 
   0.034550138968849 	    0.090006168377548 
   0.039309958556913 	    0.102405920576854 
   0.044069778081297 	    0.114805672790741 
   0.048829597528705 	    0.127205425034631 
   0.053589416888193 	    0.139605177320493 
   0.058349236150040 	    0.152004929658057 
   0.063109055305305 	    0.164404682055514 
   0.067868874345663 	    0.176804434519936 
   0.072628693263369 	    0.189204187057537 
   0.077388512051287 	    0.201603939673842 
   0.082148330702961 	    0.214003692373791 
   0.086908149212699 	    0.226403445161815 
   0.091667967575678 	    0.238803198041899 
   0.096427785788063 	    0.251202951017620 
   0.101187603847134 	    0.263602704092207 
   0.105947421751432 	    0.276002457268586 
   0.110707239500929 	    0.288402210549444 
   0.115467057097216 	    0.300801963937296 
   0.120226874543735 	    0.313201717434563 
   0.124986691846047 	    0.325601471043644 
   0.129746509012153 	    0.338001224766990 
   0.134506326052867 	    0.350400978607160 
   0.139266142982261 	    0.362800732566842 
   0.144025959818153 	    0.375200486648844 
   0.148785776582670 	    0.387600240856016 
   0.153545593302848 	    0.399999995191107 
   0.010014209819555 	    0.028279238748224 
   0.014401982774340 	    0.040669929921400 
   0.018789756981778 	    0.053060621277307 
   0.023177531457593 	    0.065451312536563 
   0.027565305990965 	    0.077842003719274 
   0.031953080513141 	    0.090232694862653 
   0.036340854993833 	    0.102623385995487 
   0.040728629415680 	    0.115014077138553 
   0.045116403766344 	    0.127404768307256 
   0.049504178035710 	    0.139795459513563 
   0.053891952214815 	    0.152186150767191 
   0.058279726295420 	    0.164576842076307 
   0.062667500269864 	    0.176967533447962 
   0.067055274131028 	    0.189358224888350 
   0.071443047872372 	    0.201748916402980 
   0.075830821488002 	    0.214139607996786 
   0.080218594972760 	    0.226530299674201 
   0.084606368322328 	    0.238920991439209 
   0.088994141533354 	    0.251311683295395 
   0.093381914603582 	    0.263702375245977 
   0.097769687532008 	    0.276093067293857 
   0.102157460319048 	    0.288483759441656 
   0.106545232966740 	    0.300874451691769 
   0.110933005478966 	    0.313265144046409 
   0.115320777861718 	    0.325655836507652 
   0.119708550123396 	    0.338046529077474 
   0.124096322275153 	    0.350437221757761 
   0.128484094331280 	    0.362827914550298 
   0.132871866309634 	    0.375218607456709 
   0.137259638232098 	    0.387609300478359 
   0.141647410125073 	    0.399999993616171 
   0.009270513573536 	    0.028531689437244 
   0.013293758105547 	    0.040913965520177 
   0.017317003810584 	    0.053296241846840 
   0.021340249767956 	    0.065678518086650 
   0.025363495780060 	    0.078060794249609 
   0.029386741782494 	    0.090443070370218 
   0.033409987746974 	    0.102825346476513 
   0.037433233657381 	    0.115207622589102 
   0.041456479502327 	    0.127589898723374 
   0.045479725272513 	    0.139972174891306 
   0.049502970959717 	    0.152354451102620 
   0.053526216556391 	    0.164736727365484 
   0.057549462055519 	    0.177119003686948 
   0.061572707450595 	    0.189501280073209 
   0.065595952735655 	    0.201883556529789 
   0.069619197905344 	    0.214265833061639 
   0.073642442955012 	    0.226648109673216 
   0.077665687880812 	    0.239030386368531 
   0.081688932679829 	    0.251412663151191 
   0.085712177350214 	    0.263794940024430 
   0.089735421891336 	    0.276177216991135 
   0.093758666303957 	    0.288559494053880 
   0.097781910590425 	    0.300941771214951 
   0.101805154754894 	    0.313324048476370 
   0.105828398803573 	    0.325706325839916 
   0.109851642745003 	    0.338088603307123 
   0.113874886590364 	    0.350470880879268 
   0.117898130353813 	    0.362853158557325 
   0.121921374052839 	    0.375235436341880 
   0.125944617708647 	    0.387617714233003 
   0.129967861346543 	    0.399999992230067 
   0.008520463780607 	    0.028764585932445 
   0.012185960680917 	    0.041139098735324 
   0.015851458670819 	    0.053513611839267 
   0.019516956895979 	    0.065888124865750 
   0.023182455172677 	    0.078262637815273 
   0.026847953441078 	    0.090637150719791 
   0.030513451674979 	    0.103011663606617 
   0.034178949859519 	    0.115386176496186 
   0.037844447984256 	    0.127760689403876 
   0.041509946040699 	    0.140135202341681 
   0.045175444021351 	    0.152509715319340 
   0.048840941919339 	    0.164884228345037 
   0.052506439728283 	    0.177258741425839 
   0.056171937442272 	    0.189633254567965 
   0.059837435055901 	    0.202007767776966 
   0.063502932564336 	    0.214382281057827 
   0.067168429963405 	    0.226756794415047 
   0.070833927249703 	    0.239131307852679 
   0.074499424420709 	    0.251505821374369 
   0.078164921474924 	    0.263880334983374 
   0.081830418412019 	    0.276254848682583 
   0.085495915233006 	    0.288629362474529 
   0.089161411940425 	    0.301003876361402 
   0.092826908538551 	    0.313378390345050 
   0.096492405033626 	    0.325752904426975 
   0.100157901434109 	    0.338127418608310 
   0.103823397750949 	    0.350501932889782 
   0.107488893997872 	    0.362876447271641 
   0.111154390191679 	    0.375250961753561 
   0.114819886352551 	    0.387625476334499 
   0.118485382504348 	    0.399999991012502 
   0.007764574487424 	    0.028977768618240 
   0.011078410394681 	    0.041345175272158 
   0.014392247304517 	    0.053712582280526 
   0.017706084431558 	    0.066079989220333 
   0.021019921606599 	    0.078447396083227 
   0.024333758774574 	    0.090814802898789 
   0.027647595911428 	    0.103182209693648 
   0.030961433003580 	    0.115549616488072 
   0.034275270041533 	    0.127917023297422 
   0.037589107017590 	    0.140284430133718 
   0.040902943924971 	    0.152651837006723 
   0.044216780757466 	    0.165019243924651 
   0.047530617509315 	    0.177386650894594 
   0.050844454175190 	    0.189754057922809 
   0.054158290750227 	    0.202121465014883 
   0.057472127230097 	    0.214488872175853 
   0.060785963611082 	    0.226856279410265 
   0.064099799890186 	    0.239223686722228 
   0.067413636065244 	    0.251591094115433 
   0.070727472135056 	    0.263958501593169 
   0.074041308099530 	    0.276325909158332 
   0.077355143959842 	    0.288693316813424 
   0.080668979718616 	    0.301060724560549 
   0.083982815380116 	    0.313428132401395 
   0.087296650950457 	    0.325795540337212 
   0.090610486437826 	    0.338162948368769 
   0.093924321852727 	    0.350530356496299 
   0.097238157208211 	    0.362897764719413 
   0.100551992520134 	    0.375265173036986 
   0.103865827807382 	    0.387632581447015 
   0.107179663092104 	    0.399999989946432 
   0.007003363742746 	    0.029171091389893 
   0.009970967632769 	    0.041532053896470 
   0.012938572435031 	    0.053893016806657 
   0.015906177435537 	    0.066253979656612 
   0.018873782480188 	    0.078614942429815 
   0.021841387518869 	    0.090975905153660 
   0.024808992529742 	    0.103336867854135 
   0.027776597500522 	    0.115697830551350 
   0.030744202422658 	    0.128058793260651 
   0.033711807289240 	    0.140419755994082 
   0.036679412094192 	    0.152780718761440 
   0.039647016831957 	    0.165141681570970 
   0.042614621497384 	    0.177502644429803 
   0.045582226085713 	    0.189863607344236 
   0.048549830592611 	    0.202224570319907 
   0.051517435014230 	    0.214585533361902 
   0.054485039347290 	    0.226946496474828 
   0.057452643589174 	    0.239307459662851 
   0.060420247738037 	    0.251668422929710 
   0.063387851792932 	    0.264029386278734 
   0.066355455753940 	    0.276390349712830 
   0.069323059622330 	    0.288751313234473 
   0.072290663400713 	    0.301112276845690 
   0.075258267093227 	    0.313473240548024 
   0.078225870705720 	    0.325834204342497 
   0.081193474245952 	    0.338195168229553 
   0.084161077723795 	    0.350556132208984 
   0.087128681151434 	    0.362917096279836 
   0.090096284543566 	    0.375278060440295 
   0.093063887917581 	    0.387639024687536 
   0.096031491293717 	    0.399999989017548 
   0.006237353242390 	    0.029344421753658 
   0.008863528257520 	    0.041699606531309 
   0.011489704091500 	    0.054054791757259 
   0.014115880103924 	    0.066409976930656 
   0.016742056156345 	    0.078765162027542 
   0.019368232203773 	    0.091120347073317 
   0.021994408226643 	    0.103475532093385 
   0.024620584213986 	    0.115830717107702 
   0.027246760158195 	    0.128185902131604 
   0.029872936053142 	    0.140541087177158 
   0.032499111893447 	    0.152896272254197 
   0.035125287674194 	    0.165251457371003 
   0.037751463390831 	    0.177606642534748 
   0.040377639039157 	    0.189961827751774 
   0.043003814615354 	    0.202317013027769 
   0.045629990116041 	    0.214672198367878 
   0.048256165538353 	    0.227027383776767 
   0.050882340880030 	    0.239382569258659 
   0.053508516139513 	    0.251737754817347 
   0.056134691316064 	    0.264092940456196 
   0.058760866409889 	    0.276448126178128 
   0.061387041422276 	    0.288803311985597 
   0.064013216355745 	    0.301158497880560 
   0.066639391214206 	    0.313513683864431 
   0.069265566003124 	    0.325868869938028 
   0.071891740729693 	    0.338224056101505 
   0.074517915403006 	    0.350579242354264 
   0.077144090034220 	    0.362934428694863 
   0.079770264636712 	    0.375289615120889 
   0.082396439226212 	    0.387644801628820 
   0.085022613820908 	    0.399999988213861 
   0.005467067971687 	    0.029497640917580 
   0.007756019017380 	    0.041847718344767 
   0.010044970785774 	    0.054197796260237 
   0.012333922712049 	    0.066547874130114 
   0.014622874673913 	    0.078897951923766 
   0.016911826631651 	    0.091248029664809 
   0.019200778568025 	    0.103598107378118 
   0.021489730473399 	    0.115948185083511 
   0.023778682341112 	    0.128298262796309 
   0.026067634165811 	    0.140648340528607 
   0.028356585942804 	    0.152998418290270 
   0.030645537667810 	    0.165348496089620 
   0.032934489336865 	    0.177698573933871 
   0.035223440946315 	    0.190048651829410 
   0.037512392492846 	    0.202398729781978 
   0.039801343973532 	    0.214748807796775 
   0.042090295385905 	    0.227098885878525 
   0.044379246728035 	    0.239448964031509 
   0.046668197998625 	    0.251799042259572 
   0.048957149197108 	    0.264149120566113 
   0.051246100323765 	    0.276499198954070 
   0.053535051379848 	    0.288849277425878 
   0.055824002367711 	    0.301199355983436 
   0.058112953290950 	    0.313549434628041 
   0.060401904154548 	    0.325899513360332 
   0.062690854965021 	    0.338249592180207 
   0.064979805730559 	    0.350599671086732 
   0.067268756461162 	    0.362949750078040 
   0.069557707168756 	    0.375299829151211 
   0.071846657867292 	    0.387649908302134 
   0.074135608572805 	    0.399999987525365 
   0.004693035845680 	    0.029630643872915 
   0.006648393315882 	    0.041976287828670 
   0.008603751410190 	    0.054321932307785 
   0.010559109641133 	    0.066667576747480 
   0.012514467903023 	    0.079013221111257 
   0.014469826161560 	    0.091358865421160 
   0.016425184401876 	    0.103704509701600 
   0.018380542615685 	    0.116050153972271 
   0.020335900797273 	    0.128395798248481 
   0.022291258942057 	    0.140741442542347 
   0.024246617046030 	    0.153087086863770 
   0.026201975105534 	    0.165432731221107 
   0.028157333117186 	    0.177778375621613 
   0.030112691077873 	    0.190124020071721 
   0.032068048984771 	    0.202469664577219 
   0.034023406835398 	    0.214815309143361 
   0.035978764627666 	    0.227160953774927 
   0.037934122359959 	    0.239506598476250 
   0.039889480031212 	    0.251852243251221 
   0.041844837640998 	    0.264197888103276 
   0.043800195189633 	    0.276543533035364 
   0.045755552678282 	    0.288889178049909 
   0.047710910109071 	    0.301234823148754 
   0.049666267485211 	    0.313580468333099 
   0.051621624811118 	    0.325926113603425 
   0.053576982092535 	    0.338271758959410 
   0.055532339336651 	    0.350617404399833 
   0.057487696552202 	    0.362963049922465 
   0.059443053749564 	    0.375308695523959 
   0.061398410940818 	    0.387654341199718 
   0.063353768139781 	    0.399999986943764 
   0.003915787347325 	    0.029743339466092 
   0.005540627282571 	    0.042085226868148 
   0.007165467741203 	    0.054427114823553 
   0.008790308314630 	    0.066769002744867 
   0.010415148914161 	    0.079110890590563 
   0.012039989511026 	    0.091452778381341 
   0.013664830092773 	    0.103794666141212 
   0.015289670652476 	    0.116136553889761 
   0.016914511185369 	    0.128478441642287 
   0.018539351687640 	    0.140820329410927 
   0.020164192155955 	    0.153162217205612 
   0.021789032587277 	    0.165504105034733 
   0.023413872978797 	    0.177845992905583 
   0.025038713327933 	    0.190187880824633 
   0.026663553632345 	    0.202529768797720 
   0.028288393889980 	    0.214871656830144 
   0.029913234099121 	    0.227213544926733 
   0.031538074258447 	    0.239555433091870 
   0.033162914367102 	    0.251897321329488 
   0.034787754424773 	    0.264239209643051 
   0.036412594431777 	    0.276581098035523 
   0.038037434389146 	    0.288922986509315 
   0.039662274298730 	    0.301264875066226 
   0.041287114163293 	    0.313606763707372 
   0.042911953986614 	    0.325948652433100 
   0.044536793773590 	    0.338290541242905 
   0.046161633530323 	    0.350632430135322 
   0.047786473264206 	    0.362974319107824 
   0.049411312983986 	    0.375316208156711 
   0.051036152699809 	    0.387658097276987 
   0.052660992423227 	    0.399999986462250 
   0.003135855163917 	    0.029835650461190 
   0.004432716095265 	    0.042174460802023 
   0.005729577447492 	    0.054513271720953 
   0.007026438892170 	    0.066852082610225 
   0.008323300357939 	    0.079190893424153 
   0.009620161821660 	    0.091529704182325 
   0.010917023273330 	    0.103868514908422 
   0.012213884707394 	    0.116207325621938 
   0.013510746120037 	    0.128546136338163 
   0.014807607508213 	    0.140884947069251 
   0.016104468869259 	    0.153223757825161 
   0.017401330200752 	    0.165562568614312 
   0.018698191500452 	    0.177901379444029 
   0.019995052766301 	    0.190240190320820 
   0.021291913996436 	    0.202579001250560 
   0.022588775189226 	    0.214917812238589 
   0.023885636343311 	    0.227256623289781 
   0.025182497457649 	    0.239595434408556 
   0.026479358531580 	    0.251934245598883 
   0.027776219564879 	    0.264273056864254 
   0.029073080557834 	    0.276611868207643 
   0.030369941511313 	    0.288950679631451 
   0.031666802426845 	    0.301289491137442 
   0.032963663306697 	    0.313628302726659 
   0.034260524153959 	    0.325967114399346 
   0.035557384972615 	    0.338305926154843 
   0.036854245767621 	    0.350644737991489 
   0.038151106544961 	    0.362983549906518 
   0.039447967311696 	    0.375322361895945 
   0.040744828075986 	    0.387661173954461 
   0.042041688847095 	    0.399999986075330 
   0.002353773822015 	    0.029907513592873 
   0.003324670508654 	    0.042243928473979 
   0.004295567512223 	    0.054580343952563 
   0.005266464585493 	    0.066916759404982 
   0.006237361674702 	    0.079253174782288 
   0.007208258762425 	    0.091589590103198 
   0.008179155841135 	    0.103926005391131 
   0.009150052906657 	    0.116262420665511 
   0.010120949956129 	    0.128598835941621 
   0.011091846987268 	    0.140935251231629 
   0.012062743998081 	    0.153271666545513 
   0.013033640986753 	    0.165608081891719 
   0.014004537951608 	    0.177944497277597 
   0.014975434891108 	    0.190280912709685 
   0.015946331803860 	    0.202617328193886 
   0.016917228688648 	    0.214953743735578 
   0.017888125544458 	    0.227290159339665 
   0.018859022370521 	    0.239626575010602 
   0.019829919166353 	    0.251962990752386 
   0.020800815931803 	    0.264299406568529 
   0.021771712667104 	    0.276635822462015 
   0.022742609372933 	    0.288972238435237 
   0.023713506050464 	    0.301308654489931 
   0.024684402701432 	    0.313645070627087 
   0.025655299328190 	    0.325981486846861 
   0.026626195933767 	    0.338317903148480 
   0.027597092521920 	    0.350654319530129 
   0.028567989097177 	    0.362990735988857 
   0.029538885664867 	    0.375327152520463 
   0.030509782231137 	    0.387663569119400 
   0.031480678802942 	    0.399999985778681 
   0.001570079321105 	    0.029958879609743 
   0.002216513548628 	    0.042293582274471 
   0.002862947988044 	    0.054628285550590 
   0.003509382474101 	    0.066962988803065 
   0.004155816970842 	    0.079297691980601 
   0.004802251466616 	    0.091632395101289 
   0.005448685956392 	    0.103967098188360 
   0.006095120437386 	    0.116301801261188 
   0.006741554907687 	    0.128636504335050 
   0.007387989365774 	    0.140971207422123 
   0.008034423810320 	    0.153305910532403 
   0.008680858240117 	    0.165640613674351 
   0.009327292654049 	    0.177975316855338 
   0.009973727051093 	    0.190310020081923 
   0.010620161430323 	    0.202644723360034 
   0.011266595790932 	    0.214979426695070 
   0.011913030132247 	    0.227314130091962 
   0.012559464453760 	    0.239648833555188 
   0.013205898755154 	    0.251983537088766 
   0.013852333036337 	    0.264318240696224 
   0.014498767297473 	    0.276652944380551 
   0.015145201539025 	    0.288987648144136 
   0.015791635761790 	    0.301322351988694 
   0.016438069966938 	    0.313657055915177 
   0.017084504156056 	    0.325991759923680 
   0.017730938331183 	    0.338326464013346 
   0.018377372494842 	    0.350661168182255 
   0.019023806650071 	    0.362995872427321 
   0.019670240800438 	    0.375330576744192 
   0.020316674950051 	    0.387665281127155 
   0.020963109103550 	    0.399999985569049 
   0.000785308766254 	    0.029989713308104 
   0.001108277335253 	    0.042323388173357 
   0.001431246010383 	    0.054657063658377 
   0.001754214708884 	    0.066990739121276 
   0.002077183412745 	    0.079324414509345 
   0.002400152116129 	    0.091658089840296 
   0.002723120816519 	    0.103991765137248 
   0.003046089512519 	    0.116325440419545 
   0.003369058203175 	    0.128659115702458 
   0.003692026887727 	    0.140992790998174 
   0.004014995565512 	    0.153326466316695 
   0.004337964235925 	    0.165660141666495 
   0.004660932898409 	    0.177993817054956 
   0.004983901552455 	    0.190327492488650 
   0.005306870197599 	    0.202661167973519 
   0.005629838833438 	    0.214994843514978 
   0.005952807459638 	    0.227328519117972 
   0.006275776075945 	    0.239662194786994 
   0.006598744682204 	    0.251995870526074 
   0.006921713278370 	    0.264329546338750 
   0.007244681864529 	    0.276663222228015 
   0.007567650440915 	    0.288996898196256 
   0.007890619007930 	    0.301330574245173 
   0.008213587566164 	    0.313664250375695 
   0.008536556116417 	    0.325997926587884 
   0.008859524659713 	    0.338331602880829 
   0.009182493197319 	    0.350665279252548 
   0.009505461730759 	    0.362998955699877 
   0.009828430261823 	    0.375332632218372 
   0.010151398792567 	    0.387666308802221 
   0.010474367325313 	    0.399999985444163 
   0.000000000000000 	    0.029999993556080 
   0.000000000000000 	    0.042333325743217 
   0.000000000000000 	    0.054666658552919 
   0.000000000000000 	    0.066999991341008 
   0.000000000000000 	    0.079333324054304 
   0.000000000000000 	    0.091666656710393 
   0.000000000000000 	    0.103999989332356 
   0.000000000000000 	    0.116333321939525 
   0.000000000000000 	    0.128666654547174 
   0.000000000000000 	    0.140999987167488 
   0.000000000000000 	    0.153333319810474 
   0.000000000000000 	    0.165666652484609 
   0.000000000000000 	    0.177999985197280 
   0.000000000000000 	    0.190333317955063 
   0.000000000000000 	    0.202666650763904 
   0.000000000000000 	    0.214999983629224 
   0.000000000000000 	    0.227333316555972 
   0.000000000000000 	    0.239666649548647 
   0.000000000000000 	    0.251999982611284 
   0.000000000000000 	    0.264333315747421 
   0.000000000000000 	    0.276666648960055 
   0.000000000000000 	    0.288999982251570 
   0.000000000000000 	    0.301333315623664 
   0.000000000000000 	    0.313666649077257 
   0.000000000000000 	    0.325999982612399 
   0.000000000000000 	    0.338333316228164 
   0.000000000000000 	    0.350666649922546 
   0.000000000000000 	    0.362999983692356 
   0.000000000000000 	    0.375333317533121 
   0.000000000000000 	    0.387666651438994 
   0.000000000000000 	    0.399999985402682 
