   0.000000012578685 	    0.000000000000000 
   0.000000013203581 	    0.000000000000000 
   0.000000013779904 	    0.000000000000000 
   0.000000014634289 	    0.000000000000000 
   0.000000015703720 	    0.000000000000000 
   0.000000016917348 	    0.000000000000000 
   0.000000018224029 	    0.000000000000000 
   0.000000019588110 	    0.000000000000000 
   0.000000020984020 	    0.000000000000000 
   0.000000022392522 	    0.000000000000000 
   0.000000023798346 	    0.000000000000000 
   0.000000025188697 	    0.000000000000000 
   0.000000026552304 	    0.000000000000000 
   0.000000027878803 	    0.000000000000000 
   0.000000029158336 	    0.000000000000000 
   0.000000030381291 	    0.000000000000000 
   0.000000031538146 	    0.000000000000000 
   0.000000032619397 	    0.000000000000000 
   0.000000033615560 	    0.000000000000000 
   0.000000034517252 	    0.000000000000000 
   0.000000035315358 	    0.000000000000000 
   0.000000036001309 	    0.000000000000000 
   0.000000036567463 	    0.000000000000000 
   0.000000037007627 	    0.000000000000000 
   0.000000037317697 	    0.000000000000000 
   0.000000037496395 	    0.000000000000000 
   0.000000037546047 	    0.000000000000000 
   0.000000037473294 	    0.000000000000000 
   0.000000037289612 	    0.000000000000000 
   0.000000037011498 	    0.000000000000000 
   0.000000036660218 	    0.000000000000000 
   0.000000012573747 	   -0.000000000154428 
   0.000000013195751 	   -0.000000000067359 
   0.000000013771951 	   -0.000000000069504 
   0.000000014626676 	   -0.000000000088452 
   0.000000015696447 	   -0.000000000109589 
   0.000000016910292 	   -0.000000000128516 
   0.000000018217030 	   -0.000000000143407 
   0.000000019581000 	   -0.000000000153205 
   0.000000020976628 	   -0.000000000157086 
   0.000000022384683 	   -0.000000000154271 
   0.000000023789900 	   -0.000000000143960 
   0.000000025179493 	   -0.000000000125309 
   0.000000026542200 	   -0.000000000097420 
   0.000000027867672 	   -0.000000000059342 
   0.000000029146067 	   -0.000000000010085 
   0.000000030367795 	    0.000000000051372 
   0.000000031523361 	    0.000000000126055 
   0.000000032603291 	    0.000000000214962 
   0.000000033598131 	    0.000000000319018 
   0.000000034498529 	    0.000000000439008 
   0.000000035295399 	    0.000000000575487 
   0.000000035980183 	    0.000000000728663 
   0.000000036545230 	    0.000000000898253 
   0.000000036984305 	    0.000000001083312 
   0.000000037293219 	    0.000000001282047 
   0.000000037470566 	    0.000000001491655 
   0.000000037518507 	    0.000000001708207 
   0.000000037443504 	    0.000000001926642 
   0.000000037256881 	    0.000000002140917 
   0.000000036975050 	    0.000000002344329 
   0.000000036619303 	    0.000000002529998 
   0.000000012558936 	   -0.000000000308762 
   0.000000013172287 	   -0.000000000135166 
   0.000000013748120 	   -0.000000000139606 
   0.000000014603865 	   -0.000000000177548 
   0.000000015674657 	   -0.000000000219837 
   0.000000016889152 	   -0.000000000257689 
   0.000000018196058 	   -0.000000000287465 
   0.000000019559687 	   -0.000000000307052 
   0.000000020954466 	   -0.000000000314802 
   0.000000022361173 	   -0.000000000309159 
   0.000000023764564 	   -0.000000000288524 
   0.000000025151873 	   -0.000000000251208 
   0.000000026511873 	   -0.000000000195416 
   0.000000027834251 	   -0.000000000119249 
   0.000000029109220 	   -0.000000000020726 
   0.000000030327253 	    0.000000000102193 
   0.000000031478932 	    0.000000000251559 
   0.000000032554870 	    0.000000000429371 
   0.000000033545712 	    0.000000000637485 
   0.000000034442199 	    0.000000000877481 
   0.000000035235322 	    0.000000001150490 
   0.000000035916563 	    0.000000001456967 
   0.000000036478246 	    0.000000001796397 
   0.000000036914013 	    0.000000002166958 
   0.000000037219427 	    0.000000002565152 
   0.000000037392697 	    0.000000002985452 
   0.000000037435486 	    0.000000003420058 
   0.000000037353712 	    0.000000003858853 
   0.000000037158223 	    0.000000004289665 
   0.000000036865166 	    0.000000004698897 
   0.000000036495909 	    0.000000005072515 
   0.000000012534266 	   -0.000000000462906 
   0.000000013133263 	   -0.000000000203863 
   0.000000013708501 	   -0.000000000210899 
   0.000000014565949 	   -0.000000000267930 
   0.000000015638437 	   -0.000000000331396 
   0.000000016854007 	   -0.000000000388175 
   0.000000018161184 	   -0.000000000432821 
   0.000000019524231 	   -0.000000000462179 
   0.000000020917577 	   -0.000000000473776 
   0.000000022322019 	   -0.000000000465280 
   0.000000023722342 	   -0.000000000434294 
   0.000000025105820 	   -0.000000000378285 
   0.000000026461273 	   -0.000000000294562 
   0.000000027778459 	   -0.000000000180282 
   0.000000029047672 	   -0.000000000032475 
   0.000000030259492 	    0.000000000151915 
   0.000000031404625 	    0.000000000375965 
   0.000000032473832 	    0.000000000642679 
   0.000000033457913 	    0.000000000954852 
   0.000000034347767 	    0.000000001314884 
   0.000000035134516 	    0.000000001724526 
   0.000000035809712 	    0.000000002184547 
   0.000000036365646 	    0.000000002694305 
   0.000000036795767 	    0.000000003251246 
   0.000000037095234 	    0.000000003850331 
   0.000000037261625 	    0.000000004483487 
   0.000000037295762 	    0.000000005139172 
   0.000000037202627 	    0.000000005802225 
   0.000000036992223 	    0.000000006454180 
   0.000000036680210 	    0.000000007074164 
   0.000000036288060 	    0.000000007640409 
   0.000000012499760 	   -0.000000000616768 
   0.000000013078798 	   -0.000000000273890 
   0.000000013653241 	   -0.000000000283971 
   0.000000014513079 	   -0.000000000360232 
   0.000000015587933 	   -0.000000000444914 
   0.000000016804992 	   -0.000000000520618 
   0.000000018112524 	   -0.000000000580119 
   0.000000019474728 	   -0.000000000619219 
   0.000000020866032 	   -0.000000000634630 
   0.000000022267262 	   -0.000000000623243 
   0.000000023663241 	   -0.000000000581865 
   0.000000025041297 	   -0.000000000507121 
   0.000000026390321 	   -0.000000000395427 
   0.000000027700157 	   -0.000000000242998 
   0.000000028961217 	   -0.000000000045880 
   0.000000030164221 	    0.000000000199997 
   0.000000031300051 	    0.000000000498734 
   0.000000032359664 	    0.000000000854343 
   0.000000033334077 	    0.000000001270577 
   0.000000034214404 	    0.000000001750688 
   0.000000034991952 	    0.000000002297108 
   0.000000035658383 	    0.000000002911023 
   0.000000036205959 	    0.000000003591819 
   0.000000036627881 	    0.000000004336421 
   0.000000036918776 	    0.000000005138518 
   0.000000037075349 	    0.000000005987767 
   0.000000037097230 	    0.000000006869105 
   0.000000036988024 	    0.000000007762387 
   0.000000036756451 	    0.000000008642617 
   0.000000036417369 	    0.000000009481049 
   0.000000035992349 	    0.000000010247240 
   0.000000012455450 	   -0.000000000770255 
   0.000000013009064 	   -0.000000000345678 
   0.000000013582548 	   -0.000000000359398 
   0.000000014445465 	   -0.000000000455077 
   0.000000015523348 	   -0.000000000561028 
   0.000000016742291 	   -0.000000000655658 
   0.000000018050239 	   -0.000000000729988 
   0.000000019411308 	   -0.000000000778795 
   0.000000020799928 	   -0.000000000797976 
   0.000000022196957 	   -0.000000000783648 
   0.000000023587269 	   -0.000000000731824 
   0.000000024958256 	   -0.000000000638288 
   0.000000026298896 	   -0.000000000498568 
   0.000000027599146 	   -0.000000000307942 
   0.000000028849557 	   -0.000000000061476 
   0.000000030041029 	    0.000000000245909 
   0.000000031164655 	    0.000000000619337 
   0.000000032211638 	    0.000000001063835 
   0.000000033173266 	    0.000000001584130 
   0.000000034040925 	    0.000000002184370 
   0.000000034806160 	    0.000000002867748 
   0.000000035460789 	    0.000000003635997 
   0.000000035997060 	    0.000000004488734 
   0.000000036407908 	    0.000000005422649 
   0.000000036687323 	    0.000000006430522 
   0.000000036830920 	    0.000000007500151 
   0.000000036836779 	    0.000000008613306 
   0.000000036706629 	    0.000000009745001 
   0.000000036447339 	    0.000000010863450 
   0.000000036072520 	    0.000000011931191 
   0.000000035603757 	    0.000000012907698 
   0.000000012401378 	   -0.000000000923276 
   0.000000012924278 	   -0.000000000419647 
   0.000000013496684 	   -0.000000000437741 
   0.000000014363376 	   -0.000000000553072 
   0.000000015444939 	   -0.000000000680360 
   0.000000016666142 	   -0.000000000793916 
   0.000000017974536 	   -0.000000000883047 
   0.000000019334140 	   -0.000000000941517 
   0.000000020719386 	   -0.000000000964413 
   0.000000022111171 	   -0.000000000947084 
   0.000000023494427 	   -0.000000000884746 
   0.000000024856625 	   -0.000000000772349 
   0.000000026186841 	   -0.000000000604535 
   0.000000027475161 	   -0.000000000375649 
   0.000000028712303 	   -0.000000000079787 
   0.000000029889370 	    0.000000000289135 
   0.000000030997705 	    0.000000000737262 
   0.000000032028798 	    0.000000001270640 
   0.000000032974251 	    0.000000001894995 
   0.000000033825772 	    0.000000002615421 
   0.000000034575200 	    0.000000003435960 
   0.000000035214554 	    0.000000004359050 
   0.000000035736113 	    0.000000005384786 
   0.000000036132548 	    0.000000006509977 
   0.000000036397156 	    0.000000007726973 
   0.000000036524288 	    0.000000009022274 
   0.000000036510120 	    0.000000010375031 
   0.000000036353928 	    0.000000011755730 
   0.000000036059998 	    0.000000013125561 
   0.000000035640017 	    0.000000014437253 
   0.000000035115364 	    0.000000015638143 
   0.000000012337596 	   -0.000000001075742 
   0.000000012824701 	   -0.000000000496204 
   0.000000013395966 	   -0.000000000519546 
   0.000000014267136 	   -0.000000000654808 
   0.000000015353018 	   -0.000000000803515 
   0.000000016576827 	   -0.000000000935999 
   0.000000017885660 	   -0.000000001039898 
   0.000000019243421 	   -0.000000001107979 
   0.000000020624546 	   -0.000000001134529 
   0.000000022009977 	   -0.000000001114125 
   0.000000023384713 	   -0.000000001041194 
   0.000000024736308 	   -0.000000000909852 
   0.000000026053949 	   -0.000000000713860 
   0.000000027327867 	   -0.000000000446639 
   0.000000028548960 	   -0.000000000101320 
   0.000000029708563 	    0.000000000329177 
   0.000000030798289 	    0.000000000852014 
   0.000000031809947 	    0.000000001474267 
   0.000000032735490 	    0.000000002202682 
   0.000000033566989 	    0.000000003043349 
   0.000000034296623 	    0.000000004001267 
   0.000000034916666 	    0.000000005079750 
   0.000000035419480 	    0.000000006279651 
   0.000000035797519 	    0.000000007598322 
   0.000000036043386 	    0.000000009028274 
   0.000000036150064 	    0.000000010555460 
   0.000000036111498 	    0.000000012157228 
   0.000000035923876 	    0.000000013800143 
   0.000000035587925 	    0.000000015438304 
   0.000000035112368 	    0.000000017013292 
   0.000000034517901 	    0.000000018457333 
   0.000000012264165 	   -0.000000001227567 
   0.000000012710642 	   -0.000000000575740 
   0.000000013280765 	   -0.000000000605336 
   0.000000014157125 	   -0.000000000760855 
   0.000000015247948 	   -0.000000000931077 
   0.000000016474680 	   -0.000000001082494 
   0.000000017783898 	   -0.000000001201125 
   0.000000019139381 	   -0.000000001278760 
   0.000000020515569 	   -0.000000001308891 
   0.000000021893456 	   -0.000000001285330 
   0.000000023258110 	   -0.000000001201713 
   0.000000024597178 	   -0.000000001051327 
   0.000000025899962 	   -0.000000000827059 
   0.000000027156846 	   -0.000000000521413 
   0.000000028358923 	   -0.000000000126564 
   0.000000029497769 	    0.000000000365557 
   0.000000030565288 	    0.000000000963126 
   0.000000031553625 	    0.000000001674252 
   0.000000032455105 	    0.000000002506725 
   0.000000033262189 	    0.000000003467692 
   0.000000033967430 	    0.000000004563209 
   0.000000034563406 	    0.000000005797657 
   0.000000035042626 	    0.000000007172949 
   0.000000035397405 	    0.000000008687455 
   0.000000035619725 	    0.000000010334550 
   0.000000035701190 	    0.000000012100609 
   0.000000035633289 	    0.000000013962353 
   0.000000035408441 	    0.000000015883533 
   0.000000035022553 	    0.000000017811499 
   0.000000034479753 	    0.000000019675202 
   0.000000033799057 	    0.000000021387468 
   0.000000012181159 	   -0.000000001378665 
   0.000000012582451 	   -0.000000000658627 
   0.000000013151501 	   -0.000000000695613 
   0.000000014033773 	   -0.000000000871760 
   0.000000015130142 	   -0.000000001063608 
   0.000000016360075 	   -0.000000001233966 
   0.000000017669570 	   -0.000000001367290 
   0.000000019022271 	   -0.000000001454417 
   0.000000020392627 	   -0.000000001488050 
   0.000000021761685 	   -0.000000001461238 
   0.000000023114586 	   -0.000000001366830 
   0.000000024439069 	   -0.000000001197287 
   0.000000025724558 	   -0.000000000944629 
   0.000000026961592 	   -0.000000000600451 
   0.000000028141462 	   -0.000000000155982 
   0.000000029255988 	    0.000000000397826 
   0.000000030297370 	    0.000000001070160 
   0.000000031258092 	    0.000000001870165 
   0.000000032130855 	    0.000000002806703 
   0.000000032908518 	    0.000000003888028 
   0.000000033584020 	    0.000000005121365 
   0.000000034150274 	    0.000000006512348 
   0.000000034599998 	    0.000000008064264 
   0.000000034925466 	    0.000000009777012 
   0.000000035118180 	    0.000000011645620 
   0.000000035168492 	    0.000000013658081 
   0.000000035065375 	    0.000000015792126 
   0.000000034796887 	    0.000000018010569 
   0.000000034352527 	    0.000000020255260 
   0.000000033729260 	    0.000000022441255 
   0.000000032942363 	    0.000000024455819 
   0.000000012088662 	   -0.000000001528956 
   0.000000012440519 	   -0.000000000745218 
   0.000000013008645 	   -0.000000000790850 
   0.000000013897561 	   -0.000000000988043 
   0.000000015000061 	   -0.000000001201644 
   0.000000016233427 	   -0.000000001390954 
   0.000000017543028 	   -0.000000001538931 
   0.000000018892366 	   -0.000000001635483 
   0.000000020255901 	   -0.000000001672533 
   0.000000021614734 	   -0.000000001642368 
   0.000000022954081 	   -0.000000001537052 
   0.000000024261772 	   -0.000000001348225 
   0.000000025527348 	   -0.000000001067045 
   0.000000026741497 	   -0.000000000684210 
   0.000000027895707 	   -0.000000000190012 
   0.000000028982034 	    0.000000000425565 
   0.000000029992962 	    0.000000001172713 
   0.000000030921299 	    0.000000002061621 
   0.000000031760106 	    0.000000003102242 
   0.000000032502614 	    0.000000004303995 
   0.000000033142134 	    0.000000005675374 
   0.000000033671911 	    0.000000007223449 
   0.000000034084900 	    0.000000008953191 
   0.000000034373428 	    0.000000010866536 
   0.000000034528694 	    0.000000012961014 
   0.000000034540067 	    0.000000015227603 
   0.000000034394231 	    0.000000017647208 
   0.000000034074586 	    0.000000020184719 
   0.000000033562438 	    0.000000022779487 
   0.000000032843607 	    0.000000025332678 
   0.000000031925241 	    0.000000027697453 
   0.000000011986771 	   -0.000000001678361 
   0.000000012285279 	   -0.000000000835842 
   0.000000012852709 	   -0.000000000891495 
   0.000000013749016 	   -0.000000001110194 
   0.000000014858208 	   -0.000000001345692 
   0.000000016095189 	   -0.000000001553969 
   0.000000017404653 	   -0.000000001716560 
   0.000000018749956 	   -0.000000001822468 
   0.000000020105574 	   -0.000000001862845 
   0.000000021452663 	   -0.000000001829216 
   0.000000022776507 	   -0.000000001712863 
   0.000000024065022 	   -0.000000001504608 
   0.000000025307856 	   -0.000000001194756 
   0.000000026495838 	   -0.000000000773118 
   0.000000027620634 	   -0.000000000229061 
   0.000000028674518 	    0.000000000448391 
   0.000000029650229 	    0.000000001270428 
   0.000000030540864 	    0.000000002248287 
   0.000000031339793 	    0.000000003393038 
   0.000000032040567 	    0.000000004715312 
   0.000000032636802 	    0.000000006224972 
   0.000000033122016 	    0.000000007930691 
   0.000000033489367 	    0.000000009839409 
   0.000000033731261 	    0.000000011955584 
   0.000000033838742 	    0.000000014280071 
   0.000000033800533 	    0.000000016808285 
   0.000000033601592 	    0.000000019526902 
   0.000000033221011 	    0.000000022407335 
   0.000000032630500 	    0.000000025392647 
   0.000000031798735 	    0.000000028373988 
   0.000000030715224 	    0.000000031160220 
   0.000000011875594 	   -0.000000001826804 
   0.000000012117196 	   -0.000000000930802 
   0.000000012684250 	   -0.000000000997965 
   0.000000013588710 	   -0.000000001238676 
   0.000000014705130 	   -0.000000001496229 
   0.000000015945849 	   -0.000000001723494 
   0.000000017254849 	   -0.000000001900661 
   0.000000018595343 	   -0.000000002015857 
   0.000000019941825 	   -0.000000002059466 
   0.000000021275506 	   -0.000000002022255 
   0.000000022581731 	   -0.000000001894723 
   0.000000023848486 	   -0.000000001666879 
   0.000000025065513 	   -0.000000001328186 
   0.000000026223760 	   -0.000000000867574 
   0.000000027315044 	   -0.000000000273500 
   0.000000028331824 	    0.000000000465961 
   0.000000029267046 	    0.000000001362997 
   0.000000030114034 	    0.000000002429897 
   0.000000030866387 	    0.000000003678868 
   0.000000031517872 	    0.000000005121807 
   0.000000032062287 	    0.000000006770033 
   0.000000032493278 	    0.000000008633977 
   0.000000032804059 	    0.000000010722800 
   0.000000032986997 	    0.000000013043898 
   0.000000033032954 	    0.000000015602185 
   0.000000032930217 	    0.000000018398884 
   0.000000032662638 	    0.000000021429095 
   0.000000032206423 	    0.000000024676557 
   0.000000031523714 	    0.000000028099126 
   0.000000030558772 	    0.000000031592144 
   0.000000029261194 	    0.000000034914623 
   0.000000011755257 	   -0.000000001974213 
   0.000000011936771 	   -0.000000001030375 
   0.000000012503861 	   -0.000000001110645 
   0.000000013417254 	   -0.000000001373917 
   0.000000014541408 	   -0.000000001653700 
   0.000000015785922 	   -0.000000001899981 
   0.000000017094036 	   -0.000000002091690 
   0.000000018428831 	   -0.000000002216106 
   0.000000019764824 	   -0.000000002262850 
   0.000000021083272 	   -0.000000002221931 
   0.000000022369570 	   -0.000000002083065 
   0.000000023611755 	   -0.000000001835455 
   0.000000024799638 	   -0.000000001467727 
   0.000000025924257 	   -0.000000000967945 
   0.000000026977543 	   -0.000000000323663 
   0.000000027952084 	    0.000000000477984 
   0.000000028840969 	    0.000000001450175 
   0.000000029637656 	    0.000000002606263 
   0.000000030335853 	    0.000000003959617 
   0.000000030929387 	    0.000000005523451 
   0.000000031412038 	    0.000000007310630 
   0.000000031777326 	    0.000000009333482 
   0.000000032018207 	    0.000000011603604 
   0.000000032126634 	    0.000000014131678 
   0.000000032092889 	    0.000000016927264 
   0.000000031904490 	    0.000000019998466 
   0.000000031544256 	    0.000000023351235 
   0.000000030986362 	    0.000000026986706 
   0.000000030188282 	    0.000000030894861 
   0.000000029062379 	    0.000000035010882 
   0.000000027472094 	    0.000000039074506 
   0.000000011625897 	   -0.000000002120518 
   0.000000011744534 	   -0.000000001134809 
   0.000000012312170 	   -0.000000001229888 
   0.000000013235300 	   -0.000000001516313 
   0.000000014367661 	   -0.000000001818516 
   0.000000015615947 	   -0.000000002083848 
   0.000000016922647 	   -0.000000002290071 
   0.000000018250723 	   -0.000000002423643 
   0.000000019574718 	   -0.000000002473426 
   0.000000020875928 	   -0.000000002428665 
   0.000000022139775 	   -0.000000002278298 
   0.000000023354324 	   -0.000000002010724 
   0.000000024509421 	   -0.000000001613741 
   0.000000025596154 	   -0.000000001074557 
   0.000000026606512 	   -0.000000000379836 
   0.000000027533147 	    0.000000000484222 
   0.000000028369197 	    0.000000001531788 
   0.000000029108133 	    0.000000002777291 
   0.000000029743610 	    0.000000004235299 
   0.000000030269298 	    0.000000005920400 
   0.000000030678668 	    0.000000007847099 
   0.000000030964725 	    0.000000010029763 
   0.000000031119637 	    0.000000012482630 
   0.000000031134218 	    0.000000015219963 
   0.000000030997162 	    0.000000018256410 
   0.000000030693824 	    0.000000021607768 
   0.000000030204064 	    0.000000025292263 
   0.000000029498036 	    0.000000029333427 
   0.000000028525848 	    0.000000033761429 
   0.000000027189751 	    0.000000038634742 
   0.000000025138464 	    0.000000043836642 
   0.000000011487669 	   -0.000000002265651 
   0.000000011541039 	   -0.000000001244320 
   0.000000012109838 	   -0.000000001356014 
   0.000000013043534 	   -0.000000001666225 
   0.000000014184536 	   -0.000000001991052 
   0.000000015436484 	   -0.000000002275479 
   0.000000016741120 	   -0.000000002496199 
   0.000000018061309 	   -0.000000002638869 
   0.000000019371627 	   -0.000000002691595 
   0.000000020653391 	   -0.000000002642853 
   0.000000021892022 	   -0.000000002480802 
   0.000000023075581 	   -0.000000002193043 
   0.000000024193905 	   -0.000000001766555 
   0.000000025238079 	   -0.000000001187699 
   0.000000026200085 	   -0.000000000442257 
   0.000000027072548 	    0.000000000484500 
   0.000000027848538 	    0.000000001607745 
   0.000000028521388 	    0.000000002943004 
   0.000000029084493 	    0.000000004506087 
   0.000000029531085 	    0.000000006313036 
   0.000000029853945 	    0.000000008380115 
   0.000000030045028 	    0.000000010723896 
   0.000000030094948 	    0.000000013361493 
   0.000000029992243 	    0.000000016311069 
   0.000000029722259 	    0.000000019592829 
   0.000000029265291 	    0.000000023230914 
   0.000000028593134 	    0.000000027257317 
   0.000000027661753 	    0.000000031719781 
   0.000000026391560 	    0.000000036705269 
   0.000000024609601 	    0.000000042390663 
   0.000000021751923 	    0.000000049531107 
   0.000000011340747 	   -0.000000002409547 
   0.000000011326863 	   -0.000000001359096 
   0.000000011897552 	   -0.000000001489311 
   0.000000012842676 	   -0.000000001823981 
   0.000000013992707 	   -0.000000002171648 
   0.000000015248102 	   -0.000000002475226 
   0.000000016549887 	   -0.000000002710436 
   0.000000017860863 	   -0.000000002862158 
   0.000000019155633 	   -0.000000002917732 
   0.000000020415513 	   -0.000000002864863 
   0.000000021625894 	   -0.000000002690928 
   0.000000022774782 	   -0.000000002382737 
   0.000000023851958 	   -0.000000001926457 
   0.000000024848437 	   -0.000000001307611 
   0.000000025756108 	   -0.000000000511106 
   0.000000026567463 	    0.000000000478720 
   0.000000027275366 	    0.000000001678053 
   0.000000027872821 	    0.000000003103554 
   0.000000028352716 	    0.000000004772344 
   0.000000028707511 	    0.000000006702019 
   0.000000028928830 	    0.000000008910766 
   0.000000029006922 	    0.000000011417596 
   0.000000028929883 	    0.000000014242833 
   0.000000028682506 	    0.000000017409022 
   0.000000028244433 	    0.000000020942636 
   0.000000027586890 	    0.000000024877385 
   0.000000026666403 	    0.000000029261033 
   0.000000025411115 	    0.000000034171330 
   0.000000023692348 	    0.000000039756649 
   0.000000021258346 	    0.000000046367297 
   0.000000017928325 	    0.000000055105614 
   0.000000011185324 	   -0.000000002552141 
   0.000000011102598 	   -0.000000001479289 
   0.000000011676023 	   -0.000000001630036 
   0.000000012633477 	   -0.000000001989869 
   0.000000013792869 	   -0.000000002360605 
   0.000000015051380 	   -0.000000002683403 
   0.000000016349373 	   -0.000000002933115 
   0.000000017649626 	   -0.000000003093855 
   0.000000018926765 	   -0.000000003152186 
   0.000000020162073 	   -0.000000003095036 
   0.000000021340862 	   -0.000000002908999 
   0.000000022451037 	   -0.000000002580097 
   0.000000023482254 	   -0.000000002093695 
   0.000000024425379 	   -0.000000001434484 
   0.000000025272109 	   -0.000000000586499 
   0.000000026014677 	    0.000000000466865 
   0.000000026645574 	    0.000000001742832 
   0.000000027157264 	    0.000000003259253 
   0.000000027541845 	    0.000000005034650 
   0.000000027790629 	    0.000000007088329 
   0.000000027893571 	    0.000000009440621 
   0.000000027838498 	    0.000000012113320 
   0.000000027609975 	    0.000000015130467 
   0.000000027187575 	    0.000000018519762 
   0.000000026543086 	    0.000000022315182 
   0.000000025635758 	    0.000000026562047 
   0.000000024404105 	    0.000000031327477 
   0.000000022753725 	    0.000000036723523 
   0.000000020547816 	    0.000000042957262 
   0.000000017679723 	    0.000000050455877 
   0.000000014430465 	    0.000000059613750 
   0.000000011021616 	   -0.000000002693367 
   0.000000010868842 	   -0.000000001605023 
   0.000000011445987 	   -0.000000001778414 
   0.000000012416716 	   -0.000000002164144 
   0.000000013585736 	   -0.000000002558186 
   0.000000014846889 	   -0.000000002900293 
   0.000000016139979 	   -0.000000003164542 
   0.000000017427802 	   -0.000000003334281 
   0.000000018684991 	   -0.000000003395283 
   0.000000019892755 	   -0.000000003333687 
   0.000000021036271 	   -0.000000003135306 
   0.000000022103279 	   -0.000000002785379 
   0.000000023083235 	   -0.000000002268472 
   0.000000023966762 	   -0.000000001568452 
   0.000000024745250 	   -0.000000000668477 
   0.000000025410526 	    0.000000000449016 
   0.000000025954525 	    0.000000001802332 
   0.000000026368938 	    0.000000003410588 
   0.000000026644776 	    0.000000005293836 
   0.000000026771814 	    0.000000007473297 
   0.000000026737849 	    0.000000009971765 
   0.000000026527654 	    0.000000012814287 
   0.000000026121487 	    0.000000016029339 
   0.000000025492883 	    0.000000019650867 
   0.000000024605401 	    0.000000023721972 
   0.000000023408178 	    0.000000028301750 
   0.000000021831726 	    0.000000033478150 
   0.000000019791415 	    0.000000039389906 
   0.000000017225941 	    0.000000046258723 
   0.000000014223597 	    0.000000054329154 
   0.000000011074137 	    0.000000063564159 
   0.000000010849861 	   -0.000000002833155 
   0.000000010626197 	   -0.000000001736391 
   0.000000011208198 	   -0.000000001934641 
   0.000000012193204 	   -0.000000002347021 
   0.000000013372028 	   -0.000000002764614 
   0.000000014635191 	   -0.000000003126144 
   0.000000015922077 	   -0.000000003404995 
   0.000000017195544 	   -0.000000003583734 
   0.000000018430203 	   -0.000000003647324 
   0.000000019607130 	   -0.000000003581105 
   0.000000020711310 	   -0.000000003370111 
   0.000000021730238 	   -0.000000002998797 
   0.000000022653082 	   -0.000000002450941 
   0.000000023470112 	   -0.000000001709584 
   0.000000024172282 	   -0.000000000756997 
   0.000000024750851 	    0.000000000425366 
   0.000000025197003 	    0.000000001856952 
   0.000000025501415 	    0.000000003558246 
   0.000000025653723 	    0.000000005551003 
   0.000000025641833 	    0.000000007858626 
   0.000000025451008 	    0.000000010506775 
   0.000000025062635 	    0.000000013524354 
   0.000000024452567 	    0.000000016945133 
   0.000000023589005 	    0.000000020810452 
   0.000000022430249 	    0.000000025173739 
   0.000000020923902 	    0.000000030107840 
   0.000000019012340 	    0.000000035715226 
   0.000000016655338 	    0.000000042136734 
   0.000000013883824 	    0.000000049527740 
   0.000000010845216 	    0.000000057945174 
   0.000000007756706 	    0.000000067210483 
   0.000000010670329 	   -0.000000002971428 
   0.000000010375257 	   -0.000000001873457 
   0.000000010963432 	   -0.000000002098890 
   0.000000011963774 	   -0.000000002538678 
   0.000000013152470 	   -0.000000002980074 
   0.000000014416825 	   -0.000000003361176 
   0.000000015695996 	   -0.000000003654730 
   0.000000016952939 	   -0.000000003842492 
   0.000000018162196 	   -0.000000003908589 
   0.000000019304643 	   -0.000000003837556 
   0.000000020364992 	   -0.000000003613641 
   0.000000021330410 	   -0.000000003220528 
   0.000000022189671 	   -0.000000002641202 
   0.000000022932575 	   -0.000000001857877 
   0.000000023549490 	   -0.000000000851922 
   0.000000024030938 	    0.000000000396234 
   0.000000024367154 	    0.000000001907256 
   0.000000024547577 	    0.000000003703131 
   0.000000024560231 	    0.000000005807529 
   0.000000024390938 	    0.000000008246358 
   0.000000024022328 	    0.000000011048613 
   0.000000023432624 	    0.000000014247695 
   0.000000022594294 	    0.000000017883442 
   0.000000021473007 	    0.000000022005215 
   0.000000020028149 	    0.000000026676255 
   0.000000018217742 	    0.000000031978669 
   0.000000016012571 	    0.000000038015443 
   0.000000013423439 	    0.000000044897167 
   0.000000010529015 	    0.000000052692140 
   0.000000007469318 	    0.000000061348608 
   0.000000004384538 	    0.000000070668956 
   0.000000010483319 	   -0.000000003108099 
   0.000000010116597 	   -0.000000002016264 
   0.000000010712491 	   -0.000000002271308 
   0.000000011729291 	   -0.000000002739249 
   0.000000012927777 	   -0.000000003204714 
   0.000000014192295 	   -0.000000003605583 
   0.000000015462013 	   -0.000000003913985 
   0.000000016700002 	   -0.000000004110815 
   0.000000017880660 	   -0.000000004179338 
   0.000000018984581 	   -0.000000004103276 
   0.000000019996121 	   -0.000000003866094 
   0.000000020902017 	   -0.000000003450699 
   0.000000021690533 	   -0.000000002839289 
   0.000000022350861 	   -0.000000002013242 
   0.000000022872631 	   -0.000000000953001 
   0.000000023245454 	    0.000000000362085 
   0.000000023458429 	    0.000000001953994 
   0.000000023499579 	    0.000000003846375 
   0.000000023355182 	    0.000000006065058 
   0.000000023008981 	    0.000000008638801 
   0.000000022441296 	    0.000000011600392 
   0.000000021628184 	    0.000000014988232 
   0.000000020541039 	    0.000000018848536 
   0.000000019147542 	    0.000000023238091 
   0.000000017415645 	    0.000000028226853 
   0.000000015322866 	    0.000000033897923 
   0.000000012871982 	    0.000000040339021 
   0.000000010107831 	    0.000000047616434 
   0.000000007119860 	    0.000000055731433 
   0.000000004015600 	    0.000000064587784 
   0.000000000876429 	    0.000000074009960 
   0.000000010289168 	   -0.000000003243060 
   0.000000009850758 	   -0.000000002164839 
   0.000000010456205 	   -0.000000002452018 
   0.000000011490640 	   -0.000000002948824 
   0.000000012698643 	   -0.000000003438642 
   0.000000013962056 	   -0.000000003859538 
   0.000000015220341 	   -0.000000004182985 
   0.000000016436652 	   -0.000000004388950 
   0.000000017585148 	   -0.000000004459815 
   0.000000018646051 	   -0.000000004378481 
   0.000000019603258 	   -0.000000004127628 
   0.000000020442965 	   -0.000000003689388 
   0.000000021152794 	   -0.000000003045168 
   0.000000021721183 	   -0.000000002175496 
   0.000000022136865 	   -0.000000001059857 
   0.000000022388375 	    0.000000000323545 
   0.000000022463522 	    0.000000001998115 
   0.000000022348816 	    0.000000003989338 
   0.000000022028821 	    0.000000006325449 
   0.000000021485514 	    0.000000009038373 
   0.000000020697761 	    0.000000012165004 
   0.000000019641259 	    0.000000015748867 
   0.000000018289584 	    0.000000019841998 
   0.000000016617356 	    0.000000024506438 
   0.000000014606658 	    0.000000029813698 
   0.000000012256946 	    0.000000035839001 
   0.000000009595611 	    0.000000042645970 
   0.000000006681682 	    0.000000050260852 
   0.000000003593842 	    0.000000058647217 
   0.000000000403486 	    0.000000067702367 
  -0.000000002851016 	    0.000000077282703 
   0.000000010088255 	   -0.000000003376177 
   0.000000009578237 	   -0.000000002319205 
   0.000000010195448 	   -0.000000002641125 
   0.000000011248730 	   -0.000000003167444 
   0.000000012465722 	   -0.000000003681938 
   0.000000013726506 	   -0.000000004123205 
   0.000000014971117 	   -0.000000004461947 
   0.000000016162704 	   -0.000000004677134 
   0.000000017275062 	   -0.000000004750247 
   0.000000018287946 	   -0.000000004663359 
   0.000000019184684 	   -0.000000004398363 
   0.000000019950795 	   -0.000000003936613 
   0.000000020573121 	   -0.000000003258717 
   0.000000021039190 	   -0.000000002344339 
   0.000000021336680 	   -0.000000001171963 
   0.000000021452907 	    0.000000000281427 
   0.000000021374301 	    0.000000002040781 
   0.000000021085877 	    0.000000004133589 
   0.000000020570744 	    0.000000006590696 
   0.000000019809788 	    0.000000009447378 
   0.000000018781795 	    0.000000012744648 
   0.000000017464455 	    0.000000016530654 
   0.000000015836906 	    0.000000020861660 
   0.000000013884388 	    0.000000025801517 
   0.000000011604956 	    0.000000031417725 
   0.000000009016512 	    0.000000037771779 
   0.000000006159992 	    0.000000044903116 
   0.000000003093473 	    0.000000052811284 
  -0.000000000124421 	    0.000000061447284 
  -0.000000003455207 	    0.000000070722174 
  -0.000000006893821 	    0.000000080526111 
   0.000000009881007 	   -0.000000003507273 
   0.000000009299463 	   -0.000000002479397 
   0.000000009931158 	   -0.000000002838703 
   0.000000011004479 	   -0.000000003395092 
   0.000000012229607 	   -0.000000003934662 
   0.000000013485972 	   -0.000000004396745 
   0.000000014714394 	   -0.000000004751086 
   0.000000015877840 	   -0.000000004975596 
   0.000000016949620 	   -0.000000005050846 
   0.000000017908912 	   -0.000000004958074 
   0.000000018738347 	   -0.000000004678374 
   0.000000019422624 	   -0.000000004192322 
   0.000000019947647 	   -0.000000003479719 
   0.000000020299877 	   -0.000000002519340 
   0.000000020465797 	   -0.000000001288621 
   0.000000020431400 	    0.000000000236748 
   0.000000020181729 	    0.000000002083371 
   0.000000019700486 	    0.000000004280869 
   0.000000018969829 	    0.000000006862795 
   0.000000017970578 	    0.000000009867714 
   0.000000016683138 	    0.000000013340309 
   0.000000015089570 	    0.000000017332120 
   0.000000013177122 	    0.000000021901169 
   0.000000010943056 	    0.000000027109269 
   0.000000008399612 	    0.000000033015705 
   0.000000005576555 	    0.000000039666846 
   0.000000002518030 	    0.000000047083985 
  -0.000000000728075 	    0.000000055255261 
  -0.000000004125863 	    0.000000064137605 
  -0.000000007665815 	    0.000000073667816 
  -0.000000011372091 	    0.000000083772888 
   0.000000009667912 	   -0.000000003636112 
   0.000000009014770 	   -0.000000002645485 
   0.000000009664370 	   -0.000000003044790 
   0.000000010758793 	   -0.000000003631695 
   0.000000011990806 	   -0.000000004196864 
   0.000000013240703 	   -0.000000004680329 
   0.000000014450123 	   -0.000000005050619 
   0.000000015581591 	   -0.000000005284562 
   0.000000016607824 	   -0.000000005361815 
   0.000000017507305 	   -0.000000005262760 
   0.000000018261816 	   -0.000000004967687 
   0.000000018855076 	   -0.000000004456386 
   0.000000019271889 	   -0.000000003707839 
   0.000000019497502 	   -0.000000002699906 
   0.000000019517076 	   -0.000000001408933 
   0.000000019315245 	    0.000000000190750 
   0.000000018875766 	    0.000000002127476 
   0.000000018181384 	    0.000000004433030 
   0.000000017214046 	    0.000000007143574 
   0.000000015955728 	    0.000000010300556 
   0.000000014390146 	    0.000000013951328 
   0.000000012505525 	    0.000000018148928 
   0.000000010298250 	    0.000000022950253 
   0.000000007776555 	    0.000000028411796 
   0.000000004962587 	    0.000000034582752 
   0.000000001890646 	    0.000000041496780 
  -0.000000001399875 	    0.000000049165891 
  -0.000000004876185 	    0.000000057580621 
  -0.000000008525103 	    0.000000066717590 
  -0.000000012363576 	    0.000000076549615 
  -0.000000016445274 	    0.000000087049589 
   0.000000009449524 	   -0.000000003762375 
   0.000000008724371 	   -0.000000002817612 
   0.000000009396269 	   -0.000000003259357 
   0.000000010512530 	   -0.000000003877119 
   0.000000011749717 	   -0.000000004468616 
   0.000000012990876 	   -0.000000004974144 
   0.000000014178138 	   -0.000000005360769 
   0.000000015273305 	   -0.000000005604263 
   0.000000016248424 	   -0.000000005683346 
   0.000000017081139 	   -0.000000005577522 
   0.000000017752209 	   -0.000000005266264 
   0.000000018244203 	   -0.000000004728571 
   0.000000018540659 	   -0.000000003942595 
   0.000000018625469 	   -0.000000002885256 
   0.000000018482398 	   -0.000000001531772 
   0.000000018094750 	    0.000000000144924 
   0.000000017445229 	    0.000000002174887 
   0.000000016516133 	    0.000000004591954 
   0.000000015290070 	    0.000000007434523 
   0.000000013751372 	    0.000000010746089 
   0.000000011888318 	    0.000000014575151 
   0.000000009695995 	    0.000000018973944 
   0.000000007179158 	    0.000000023995503 
   0.000000004353908 	    0.000000029688931 
   0.000000001246689 	    0.000000036093765 
  -0.000000002110567 	    0.000000043235674 
  -0.000000005689071 	    0.000000051126514 
  -0.000000009473844 	    0.000000059770594 
  -0.000000013474102 	    0.000000069175575 
  -0.000000017732522 	    0.000000079363077 
  -0.000000022335433 	    0.000000090370948 
   0.000000009226480 	   -0.000000003885622 
   0.000000008428318 	   -0.000000002996042 
   0.000000009128267 	   -0.000000003482262 
   0.000000010266412 	   -0.000000004131193 
   0.000000011506621 	   -0.000000004750037 
   0.000000012736604 	   -0.000000005278391 
   0.000000013898125 	   -0.000000005681768 
   0.000000014952110 	   -0.000000005934937 
   0.000000015869877 	   -0.000000006015622 
   0.000000016628034 	   -0.000000005902422 
   0.000000017206125 	   -0.000000005573991 
   0.000000017585391 	   -0.000000005008524 
   0.000000017747946 	   -0.000000004183332 
   0.000000017676210 	   -0.000000003074378 
   0.000000017352526 	   -0.000000001655738 
   0.000000016758990 	    0.000000000101028 
   0.000000015877590 	    0.000000002227580 
   0.000000014690788 	    0.000000004759475 
   0.000000013182685 	    0.000000007736642 
   0.000000011340826 	    0.000000011203359 
   0.000000009158480 	    0.000000015207359 
   0.000000006636898 	    0.000000019797713 
   0.000000003786679 	    0.000000025021462 
   0.000000000627121 	    0.000000030919626 
  -0.000000002817313 	    0.000000037524174 
  -0.000000006523562 	    0.000000044858186 
  -0.000000010478514 	    0.000000052941156 
  -0.000000014687828 	    0.000000061799745 
  -0.000000019184006 	    0.000000071482854 
  -0.000000024036117 	    0.000000082077457 
  -0.000000029363219 	    0.000000093721314 
   0.000000008999520 	   -0.000000004005244 
   0.000000008126444 	   -0.000000003181239 
   0.000000008862123 	   -0.000000003713153 
   0.000000010020877 	   -0.000000004393773 
   0.000000011261725 	   -0.000000005041312 
   0.000000012477934 	   -0.000000005593278 
   0.000000013609571 	   -0.000000006013875 
   0.000000014616884 	   -0.000000006276839 
   0.000000015470298 	   -0.000000006358810 
   0.000000016145136 	   -0.000000006237475 
   0.000000016619546 	   -0.000000005890656 
   0.000000016873252 	   -0.000000005295737 
   0.000000016886792 	   -0.000000004429177 
   0.000000016641036 	   -0.000000003265982 
   0.000000016116940 	   -0.000000001779118 
   0.000000015295597 	    0.000000000061118 
   0.000000014158686 	    0.000000002287707 
   0.000000012689401 	    0.000000004937328 
   0.000000010873908 	    0.000000008050382 
   0.000000008703170 	    0.000000011670318 
   0.000000006174734 	    0.000000015842031 
   0.000000003293788 	    0.000000020609333 
   0.000000000072627 	    0.000000026011976 
  -0.000000003472200 	    0.000000032083387 
  -0.000000007325249 	    0.000000038850797 
  -0.000000011479439 	    0.000000046339467 
  -0.000000015943873 	    0.000000054581857 
  -0.000000020750846 	    0.000000063631835 
  -0.000000025961165 	    0.000000073584633 
  -0.000000031667418 	    0.000000084613078 
  -0.000000038009987 	    0.000000096994340 
   0.000000008769500 	   -0.000000004120391 
   0.000000007818303 	   -0.000000003373974 
   0.000000008600126 	   -0.000000003951305 
   0.000000009775804 	   -0.000000004664891 
   0.000000011015334 	   -0.000000005342663 
   0.000000012214774 	   -0.000000005919016 
   0.000000013311717 	   -0.000000006357405 
   0.000000014266235 	   -0.000000006630235 
   0.000000015047385 	   -0.000000006713060 
   0.000000015629043 	   -0.000000006582632 
   0.000000015987738 	   -0.000000006215923 
   0.000000016101491 	   -0.000000005589503 
   0.000000015949138 	   -0.000000004678982 
   0.000000015509962 	   -0.000000003458437 
   0.000000014763631 	   -0.000000001899821 
   0.000000013690494 	    0.000000000027595 
   0.000000012272297 	    0.000000002357616 
   0.000000010493331 	    0.000000005127164 
   0.000000008341873 	    0.000000008375746 
   0.000000005811570 	    0.000000012144170 
   0.000000002902199 	    0.000000016472518 
  -0.000000000380930 	    0.000000021397783 
  -0.000000004029539 	    0.000000026952026 
  -0.000000008037208 	    0.000000033162351 
  -0.000000012406125 	    0.000000040054063 
  -0.000000017154860 	    0.000000047657867 
  -0.000000022326025 	    0.000000056021265 
  -0.000000027992485 	    0.000000065224041 
  -0.000000034258751 	    0.000000075399886 
  -0.000000041242136 	    0.000000086771639 
  -0.000000048947606 	    0.000000099856049 
   0.000000008537428 	   -0.000000004229876 
   0.000000007503076 	   -0.000000003575496 
   0.000000008345364 	   -0.000000004195323 
   0.000000009530016 	   -0.000000004945128 
   0.000000010768330 	   -0.000000005654111 
   0.000000011946557 	   -0.000000006255948 
   0.000000013003670 	   -0.000000006712700 
   0.000000013898401 	   -0.000000006995403 
   0.000000014598357 	   -0.000000007078494 
   0.000000015075701 	   -0.000000006937753 
   0.000000015305119 	   -0.000000006549292 
   0.000000015262755 	   -0.000000005888864 
   0.000000014925644 	   -0.000000004931253 
   0.000000014271497 	   -0.000000003649687 
   0.000000013278838 	   -0.000000002015295 
   0.000000011927516 	    0.000000000003277 
   0.000000010199571 	    0.000000002439938 
   0.000000008080335 	    0.000000005330711 
   0.000000005559463 	    0.000000008712648 
   0.000000002631385 	    0.000000012622116 
  -0.000000000705423 	    0.000000017092783 
  -0.000000004450978 	    0.000000022154001 
  -0.000000008608470 	    0.000000027830608 
  -0.000000013191041 	    0.000000034145205 
  -0.000000018230181 	    0.000000041123649 
  -0.000000023785063 	    0.000000048803856 
  -0.000000029952159 	    0.000000057247266 
  -0.000000036873714 	    0.000000066551068 
  -0.000000044737276 	    0.000000076853105 
  -0.000000053731580 	    0.000000088295821 
  -0.000000063644504 	    0.000000100639136 
   0.000000008320573 	   -0.000000004351225 
   0.000000007197900 	   -0.000000003783429 
   0.000000007971996 	   -0.000000004359967 
   0.000000009087058 	   -0.000000005108310 
   0.000000010258020 	   -0.000000005823119 
   0.000000011373489 	   -0.000000006447782 
   0.000000012374659 	   -0.000000006943810 
   0.000000013222115 	   -0.000000007284174 
   0.000000013884991 	   -0.000000007445409 
   0.000000014336824 	   -0.000000007405787 
   0.000000014553612 	   -0.000000007144261 
   0.000000014512837 	   -0.000000006639832 
   0.000000014192964 	   -0.000000005871029 
   0.000000013573253 	   -0.000000004815453 
   0.000000012633830 	   -0.000000003449382 
   0.000000011356024 	   -0.000000001747520 
   0.000000009722913 	    0.000000000317021 
   0.000000007719971 	    0.000000002772390 
   0.000000005335602 	    0.000000005647228 
   0.000000002561239 	    0.000000008969512 
  -0.000000000609408 	    0.000000012765180 
  -0.000000004182339 	    0.000000017056966 
  -0.000000008166785 	    0.000000021863981 
  -0.000000012580357 	    0.000000027202685 
  -0.000000017455727 	    0.000000033089680 
  -0.000000022848686 	    0.000000039546489 
  -0.000000028847660 	    0.000000046605963 
  -0.000000035585484 	    0.000000054319198 
  -0.000000043256450 	    0.000000062759013 
  -0.000000052146081 	    0.000000072003577 
  -0.000000062830868 	    0.000000082013278 
   0.000000008094584 	   -0.000000004472895 
   0.000000006898668 	   -0.000000003987967 
   0.000000007604915 	   -0.000000004532914 
   0.000000008656028 	   -0.000000005272656 
   0.000000009763179 	   -0.000000005993096 
   0.000000010819469 	   -0.000000006636291 
   0.000000011767714 	   -0.000000007166518 
   0.000000012570309 	   -0.000000007557499 
   0.000000013197855 	   -0.000000007787623 
   0.000000013625194 	   -0.000000007837173 
   0.000000013829553 	   -0.000000007687431 
   0.000000013789641 	   -0.000000007320040 
   0.000000013485195 	   -0.000000006716561 
   0.000000012896806 	   -0.000000005858096 
   0.000000012005950 	   -0.000000004725004 
   0.000000010795205 	   -0.000000003296720 
   0.000000009248581 	   -0.000000001551769 
   0.000000007351891 	    0.000000000531984 
   0.000000005092992 	    0.000000002976790 
   0.000000002461667 	    0.000000005804224 
  -0.000000000551100 	    0.000000009034253 
  -0.000000003954746 	    0.000000012684431 
  -0.000000007761844 	    0.000000016769541 
  -0.000000011992051 	    0.000000021302057 
  -0.000000016677296 	    0.000000026293741 
  -0.000000021868242 	    0.000000031758525 
  -0.000000027642228 	    0.000000037716604 
  -0.000000034113663 	    0.000000044199472 
  -0.000000041449435 	    0.000000051255227 
  -0.000000049901381 	    0.000000058952779 
  -0.000000059829850 	    0.000000067398366 
   0.000000007860651 	   -0.000000004594081 
   0.000000006604344 	   -0.000000004189778 
   0.000000007245062 	   -0.000000004711585 
   0.000000008235908 	   -0.000000005439220 
   0.000000009283027 	   -0.000000006163342 
   0.000000010283183 	   -0.000000006822100 
   0.000000011181281 	   -0.000000007381830 
   0.000000011941250 	   -0.000000007817327 
   0.000000012535137 	   -0.000000008108276 
   0.000000012939024 	   -0.000000008236655 
   0.000000013131305 	   -0.000000008185633 
   0.000000013091829 	   -0.000000007939008 
   0.000000012801487 	   -0.000000007480786 
   0.000000012242050 	   -0.000000006794878 
   0.000000011396175 	   -0.000000005864868 
   0.000000010247538 	   -0.000000004673893 
   0.000000008781030 	   -0.000000003204652 
   0.000000006982958 	   -0.000000001439601 
   0.000000004841116 	    0.000000000638670 
   0.000000002344565 	    0.000000003046895 
  -0.000000000517034 	    0.000000005800519 
  -0.000000003754737 	    0.000000008913176 
  -0.000000007382425 	    0.000000012396468 
  -0.000000011419792 	    0.000000016260295 
  -0.000000015896258 	    0.000000020513950 
  -0.000000020855819 	    0.000000025168134 
  -0.000000026362927 	    0.000000030237998 
  -0.000000032509766 	    0.000000035747317 
  -0.000000039425960 	    0.000000041734254 
  -0.000000047290091 	    0.000000048261123 
  -0.000000056340938 	    0.000000055428532 
   0.000000007619673 	   -0.000000004714099 
   0.000000006314309 	   -0.000000004389208 
   0.000000006892857 	   -0.000000004894064 
   0.000000007826223 	   -0.000000005608147 
   0.000000008816712 	   -0.000000006333642 
   0.000000009763564 	   -0.000000007005391 
   0.000000010613990 	   -0.000000007590587 
   0.000000011333407 	   -0.000000008065194 
   0.000000011895208 	   -0.000000008409936 
   0.000000012276681 	   -0.000000008608135 
   0.000000012457328 	   -0.000000008644513 
   0.000000012418070 	   -0.000000008504611 
   0.000000012140866 	   -0.000000008174410 
   0.000000011608560 	   -0.000000007640065 
   0.000000010804870 	   -0.000000006887712 
   0.000000009714471 	   -0.000000005903376 
   0.000000008323107 	   -0.000000004672979 
   0.000000006617695 	   -0.000000003182478 
   0.000000004586299 	   -0.000000001418121 
   0.000000002217889 	    0.000000000633189 
  -0.000000000498246 	    0.000000002983508 
  -0.000000003573553 	    0.000000005643551 
  -0.000000007021821 	    0.000000008622606 
  -0.000000010861405 	    0.000000011928869 
  -0.000000015118077 	    0.000000015570322 
  -0.000000019828460 	    0.000000019556331 
  -0.000000025044019 	    0.000000023900089 
  -0.000000030835531 	    0.000000028622111 
  -0.000000037297765 	    0.000000033755296 
  -0.000000044553523 	    0.000000039352437 
  -0.000000052752919 	    0.000000045497615 
   0.000000007372343 	   -0.000000004832366 
   0.000000006028214 	   -0.000000004586359 
   0.000000006548445 	   -0.000000005078869 
   0.000000007426721 	   -0.000000005779093 
   0.000000008363498 	   -0.000000006503853 
   0.000000009259664 	   -0.000000007186200 
   0.000000010064656 	   -0.000000007793379 
   0.000000010745415 	   -0.000000008302331 
   0.000000011276604 	   -0.000000008694687 
   0.000000011636671 	   -0.000000008954835 
   0.000000011806180 	   -0.000000009068752 
   0.000000011767071 	   -0.000000009023394 
   0.000000011502303 	   -0.000000008806332 
   0.000000010995711 	   -0.000000008405508 
   0.000000010231992 	   -0.000000007809073 
   0.000000009196749 	   -0.000000007005304 
   0.000000007876564 	   -0.000000005982604 
   0.000000006259040 	   -0.000000004729596 
   0.000000004332742 	   -0.000000003235288 
   0.000000002086963 	   -0.000000001489302 
  -0.000000000488759 	    0.000000000517900 
  -0.000000003405461 	    0.000000002794869 
  -0.000000006675959 	    0.000000005349214 
  -0.000000010316454 	    0.000000008187946 
  -0.000000014348533 	    0.000000011318266 
  -0.000000018801480 	    0.000000014748888 
  -0.000000023714784 	    0.000000018492055 
  -0.000000029140586 	    0.000000022566365 
  -0.000000035145609 	    0.000000027000687 
  -0.000000041811500 	    0.000000031839495 
  -0.000000049231426 	    0.000000037149727 
   0.000000007119203 	   -0.000000004948380 
   0.000000005745889 	   -0.000000004781147 
   0.000000006211824 	   -0.000000005264794 
   0.000000007037229 	   -0.000000005951461 
   0.000000007922784 	   -0.000000006673763 
   0.000000008770633 	   -0.000000007364492 
   0.000000009532231 	   -0.000000007990596 
   0.000000010176055 	   -0.000000008529703 
   0.000000010678001 	   -0.000000008964223 
   0.000000011017626 	   -0.000000009279405 
   0.000000011176518 	   -0.000000009462236 
   0.000000011137591 	   -0.000000009500811 
   0.000000010884747 	   -0.000000009383975 
   0.000000010402755 	   -0.000000009101091 
   0.000000009677225 	   -0.000000008641894 
   0.000000008694640 	   -0.000000007996410 
   0.000000007442403 	   -0.000000007154952 
   0.000000005908853 	   -0.000000006108163 
   0.000000004083201 	   -0.000000004847125 
   0.000000001955333 	   -0.000000003363487 
  -0.000000000484576 	   -0.000000001649575 
  -0.000000003246669 	    0.000000000301572 
  -0.000000006342285 	    0.000000002496324 
  -0.000000009785078 	    0.000000004940833 
  -0.000000013592358 	    0.000000007641729 
  -0.000000017786562 	    0.000000010607254 
  -0.000000022396694 	    0.000000013848895 
  -0.000000027459487 	    0.000000017383611 
  -0.000000033019839 	    0.000000021236743 
  -0.000000039129785 	    0.000000025445608 
  -0.000000045844743 	    0.000000030063567 
   0.000000006860691 	   -0.000000005061711 
   0.000000005467269 	   -0.000000004973347 
   0.000000005882924 	   -0.000000005450818 
   0.000000006657590 	   -0.000000006124531 
   0.000000007494071 	   -0.000000006843050 
   0.000000008295716 	   -0.000000007540158 
   0.000000009015777 	   -0.000000008182470 
   0.000000009624235 	   -0.000000008748038 
   0.000000010098199 	   -0.000000009219907 
   0.000000010418292 	   -0.000000009584029 
   0.000000010567092 	   -0.000000009828196 
   0.000000010528443 	   -0.000000009941417 
   0.000000010287154 	   -0.000000009913553 
   0.000000009828875 	   -0.000000009735089 
   0.000000009140079 	   -0.000000009397000 
   0.000000008208090 	   -0.000000008890668 
   0.000000007021114 	   -0.000000008207861 
   0.000000005568254 	   -0.000000007340753 
   0.000000003839454 	   -0.000000006281976 
   0.000000001825350 	   -0.000000005024679 
  -0.000000000483015 	   -0.000000003562565 
  -0.000000003094630 	   -0.000000001889843 
  -0.000000006019114 	   -0.000000000001062 
  -0.000000009267469 	    0.000000002109265 
  -0.000000012852922 	    0.000000004447283 
  -0.000000016791784 	    0.000000007020744 
  -0.000000021104167 	    0.000000009840326 
  -0.000000025814358 	    0.000000012921348 
  -0.000000030950505 	    0.000000016285886 
  -0.000000036543152 	    0.000000019965183 
  -0.000000042621974 	    0.000000024002064 
   0.000000006597172 	   -0.000000005171985 
   0.000000005192358 	   -0.000000005162623 
   0.000000005561638 	   -0.000000005636035 
   0.000000006287637 	   -0.000000006297526 
   0.000000007076934 	   -0.000000007011291 
   0.000000007834243 	   -0.000000007713013 
   0.000000008514445 	   -0.000000008369113 
   0.000000009088965 	   -0.000000008957873 
   0.000000009536103 	   -0.000000009462828 
   0.000000009837515 	   -0.000000009870498 
   0.000000009976734 	   -0.000000010169319 
   0.000000009938505 	   -0.000000010349025 
   0.000000009708502 	   -0.000000010400279 
   0.000000009273217 	   -0.000000010314452 
   0.000000008619949 	   -0.000000010083480 
   0.000000007736824 	   -0.000000009699786 
   0.000000006612835 	   -0.000000009156247 
   0.000000005237855 	   -0.000000008446182 
   0.000000003602604 	   -0.000000007563377 
   0.000000001698552 	   -0.000000006502087 
  -0.000000000482278 	   -0.000000005257021 
  -0.000000002947601 	   -0.000000003823254 
  -0.000000005705257 	   -0.000000002196024 
  -0.000000008763674 	   -0.000000000370385 
  -0.000000012132347 	    0.000000001659347 
  -0.000000015822265 	    0.000000003900378 
  -0.000000019846154 	    0.000000006362484 
  -0.000000024218385 	    0.000000009059309 
  -0.000000028954301 	    0.000000012009891 
  -0.000000034068706 	    0.000000015240281 
  -0.000000039573186 	    0.000000018785008 
   0.000000006328952 	   -0.000000005278877 
   0.000000004921190 	   -0.000000005348562 
   0.000000005247847 	   -0.000000005819612 
   0.000000005927186 	   -0.000000006469651 
   0.000000006670988 	   -0.000000007177980 
   0.000000007385611 	   -0.000000007882798 
   0.000000008027460 	   -0.000000008550531 
   0.000000008569339 	   -0.000000009159581 
   0.000000008990704 	   -0.000000009693840 
   0.000000009274224 	   -0.000000010140276 
   0.000000009404353 	   -0.000000010487836 
   0.000000009366708 	   -0.000000010726826 
   0.000000009147795 	   -0.000000010848540 
   0.000000008734916 	   -0.000000010845035 
   0.000000008116158 	   -0.000000010708990 
   0.000000007280422 	   -0.000000010433619 
   0.000000006217463 	   -0.000000010012632 
   0.000000004917916 	   -0.000000009440204 
   0.000000003373292 	   -0.000000008710965 
   0.000000001575923 	   -0.000000007819982 
  -0.000000000481153 	   -0.000000006762697 
  -0.000000002804359 	   -0.000000005534821 
  -0.000000005399808 	   -0.000000004132124 
  -0.000000008273538 	   -0.000000002550113 
  -0.000000011431742 	   -0.000000000783558 
  -0.000000014880886 	    0.000000001174151 
  -0.000000018627660 	    0.000000003331816 
  -0.000000022678613 	    0.000000005701415 
  -0.000000027039334 	    0.000000008299179 
  -0.000000031713032 	    0.000000011146681 
  -0.000000036698360 	    0.000000014271748 
   0.000000006056302 	   -0.000000005382103 
   0.000000004653810 	   -0.000000005530691 
   0.000000004941418 	   -0.000000006000765 
   0.000000005576034 	   -0.000000006640112 
   0.000000006275871 	   -0.000000007342550 
   0.000000006949267 	   -0.000000008049182 
   0.000000007554110 	   -0.000000008726644 
   0.000000008064517 	   -0.000000009353403 
   0.000000008461070 	   -0.000000009913600 
   0.000000008727422 	   -0.000000010394549 
   0.000000008848924 	   -0.000000010785598 
   0.000000008812036 	   -0.000000011077497 
   0.000000008604070 	   -0.000000011262031 
   0.000000008213106 	   -0.000000011331782 
   0.000000007627990 	   -0.000000011279996 
   0.000000006838367 	   -0.000000011100483 
   0.000000005834728 	   -0.000000010787569 
   0.000000004608456 	   -0.000000010336056 
   0.000000003151839 	   -0.000000009741193 
   0.000000001458063 	   -0.000000008998626 
  -0.000000000478830 	   -0.000000008104334 
  -0.000000002664025 	   -0.000000007054494 
  -0.000000005102019 	   -0.000000005845292 
  -0.000000007796714 	   -0.000000004472628 
  -0.000000010751445 	   -0.000000002931721 
  -0.000000013968913 	   -0.000000001216590 
  -0.000000017450943 	    0.000000000680571 
  -0.000000021197979 	    0.000000002770117 
  -0.000000025208230 	    0.000000005065708 
  -0.000000029476376 	    0.000000007585037 
  -0.000000033991795 	    0.000000010350386 
   0.000000005779466 	   -0.000000005481415 
   0.000000004390263 	   -0.000000005708495 
   0.000000004642213 	   -0.000000006178738 
   0.000000005233959 	   -0.000000006808123 
   0.000000005891229 	   -0.000000007504396 
   0.000000006524693 	   -0.000000008211776 
   0.000000007093729 	   -0.000000008897293 
   0.000000007573717 	   -0.000000009539465 
   0.000000007946328 	   -0.000000010122601 
   0.000000008196173 	   -0.000000010634273 
   0.000000008309480 	   -0.000000011064135 
   0.000000008273524 	   -0.000000011403280 
   0.000000008076398 	   -0.000000011643865 
   0.000000007706933 	   -0.000000011778875 
   0.000000007154707 	   -0.000000011801974 
   0.000000006410078 	   -0.000000011707416 
   0.000000005464252 	   -0.000000011489975 
   0.000000004309326 	   -0.000000011144905 
   0.000000002938342 	   -0.000000010667894 
   0.000000001345313 	   -0.000000010055004 
  -0.000000000474772 	   -0.000000009302594 
  -0.000000002525941 	   -0.000000008407190 
  -0.000000004811239 	   -0.000000007365307 
  -0.000000007332696 	   -0.000000006173194 
  -0.000000010091236 	   -0.000000004826508 
  -0.000000013086480 	   -0.000000003319909 
  -0.000000016316393 	   -0.000000001646581 
  -0.000000019776722 	    0.000000000202288 
  -0.000000023460155 	    0.000000002238026 
  -0.000000027355175 	    0.000000004474943 
  -0.000000031444578 	    0.000000006930657 
   0.000000005498670 	   -0.000000005576594 
   0.000000004130578 	   -0.000000005881433 
   0.000000004350082 	   -0.000000006352800 
   0.000000004900717 	   -0.000000006972915 
   0.000000005516706 	   -0.000000007662885 
   0.000000006111391 	   -0.000000008370143 
   0.000000006645688 	   -0.000000009062254 
   0.000000007096198 	   -0.000000009717800 
   0.000000007445651 	   -0.000000010321199 
   0.000000007679593 	   -0.000000010860206 
   0.000000007785100 	   -0.000000011324705 
   0.000000007750245 	   -0.000000011706048 
   0.000000007563876 	   -0.000000011996670 
   0.000000007215554 	   -0.000000012189853 
   0.000000006695557 	   -0.000000012279570 
   0.000000005994936 	   -0.000000012260391 
   0.000000005105574 	   -0.000000012127410 
   0.000000004020258 	   -0.000000011876197 
   0.000000002732747 	   -0.000000011502745 
   0.000000001237827 	   -0.000000011003406 
  -0.000000000468630 	   -0.000000010374806 
  -0.000000002389608 	   -0.000000009613731 
  -0.000000004526873 	   -0.000000008716961 
  -0.000000006880861 	   -0.000000007681062 
  -0.000000009450503 	   -0.000000006502118 
  -0.000000012232949 	   -0.000000005175417 
  -0.000000015223164 	   -0.000000003695104 
  -0.000000018413347 	   -0.000000002053813 
  -0.000000021792144 	   -0.000000000242319 
  -0.000000025343633 	    0.000000001750736 
  -0.000000029046086 	    0.000000003939009 
   0.000000005214127 	   -0.000000005667450 
   0.000000003874762 	   -0.000000006048948 
   0.000000004064860 	   -0.000000006522234 
   0.000000004576047 	   -0.000000007133734 
   0.000000005151937 	   -0.000000007817373 
   0.000000005708877 	   -0.000000008523809 
   0.000000006209380 	   -0.000000009221249 
   0.000000006631254 	   -0.000000009888362 
   0.000000006958254 	   -0.000000010509631 
   0.000000007176835 	   -0.000000011072942 
   0.000000007274905 	   -0.000000011568340 
   0.000000007241309 	   -0.000000011987368 
   0.000000007065633 	   -0.000000012322663 
   0.000000006738140 	   -0.000000012567721 
   0.000000006249790 	   -0.000000012716732 
   0.000000005592293 	   -0.000000012764487 
   0.000000004758185 	   -0.000000012706298 
   0.000000003740906 	   -0.000000012537948 
   0.000000002534886 	   -0.000000012255632 
   0.000000001135632 	   -0.000000011855896 
  -0.000000000460186 	   -0.000000011335554 
  -0.000000002254629 	   -0.000000010691584 
  -0.000000004248365 	   -0.000000009920987 
  -0.000000006440503 	   -0.000000009020614 
  -0.000000008828365 	   -0.000000007986960 
  -0.000000011407170 	   -0.000000006815925 
  -0.000000014169608 	   -0.000000005502566 
  -0.000000017105276 	   -0.000000004040852 
  -0.000000020199956 	   -0.000000002423448 
  -0.000000023434730 	   -0.000000000641574 
  -0.000000026784934 	    0.000000001315041 
   0.000000004926043 	   -0.000000005753813 
   0.000000003622802 	   -0.000000006210478 
   0.000000003786364 	   -0.000000006686339 
   0.000000004259663 	   -0.000000007289847 
   0.000000004796543 	   -0.000000007967211 
   0.000000005316665 	   -0.000000008672276 
   0.000000005784216 	   -0.000000009373958 
   0.000000006178202 	   -0.000000010051037 
   0.000000006483379 	   -0.000000010688041 
   0.000000006687088 	   -0.000000011272934 
   0.000000006778047 	   -0.000000011795877 
   0.000000006745858 	   -0.000000012248543 
   0.000000006580820 	   -0.000000012623712 
   0.000000006273879 	   -0.000000012915024 
   0.000000005816653 	   -0.000000013116819 
   0.000000005201488 	   -0.000000013224029 
   0.000000004421539 	   -0.000000013232109 
   0.000000003470863 	   -0.000000013136973 
   0.000000002344518 	   -0.000000012934944 
   0.000000001038663 	   -0.000000012622691 
  -0.000000000449316 	   -0.000000012197154 
  -0.000000002120684 	   -0.000000011655455 
  -0.000000003975189 	   -0.000000010994782 
  -0.000000006010865 	   -0.000000010212248 
  -0.000000008223772 	   -0.000000009304738 
  -0.000000010607668 	   -0.000000008268736 
  -0.000000013153583 	   -0.000000007100156 
  -0.000000015849288 	   -0.000000005794188 
  -0.000000018678651 	   -0.000000004345189 
  -0.000000021620864 	   -0.000000002746629 
  -0.000000024649571 	   -0.000000000991140 
   0.000000004634618 	   -0.000000005835534 
   0.000000003374655 	   -0.000000006365462 
   0.000000003514392 	   -0.000000006844432 
   0.000000003951260 	   -0.000000007440539 
   0.000000004450132 	   -0.000000008111757 
   0.000000004934269 	   -0.000000008815029 
   0.000000005369615 	   -0.000000009520027 
   0.000000005736375 	   -0.000000010205661 
   0.000000006020289 	   -0.000000010856490 
   0.000000006209563 	   -0.000000011460523 
   0.000000006293706 	   -0.000000012007991 
   0.000000006263055 	   -0.000000012490655 
   0.000000006108607 	   -0.000000012901388 
   0.000000005821971 	   -0.000000013233923 
   0.000000005395400 	   -0.000000013482690 
   0.000000004821849 	   -0.000000013642707 
   0.000000004095065 	   -0.000000013709508 
   0.000000003209685 	   -0.000000013679082 
   0.000000002161342 	   -0.000000013547821 
   0.000000000946790 	   -0.000000013312464 
  -0.000000000435966 	   -0.000000012970036 
  -0.000000001987512 	   -0.000000012517766 
  -0.000000003706848 	   -0.000000011953000 
  -0.000000005591164 	   -0.000000011273095 
  -0.000000007635572 	   -0.000000010475304 
  -0.000000009832774 	   -0.000000009556662 
  -0.000000012172658 	   -0.000000008513878 
  -0.000000014641813 	   -0.000000007343256 
  -0.000000017222952 	   -0.000000006040655 
  -0.000000019894262 	   -0.000000004601513 
  -0.000000022628664 	   -0.000000003020947 
   0.000000004340052 	   -0.000000005912482 
   0.000000003130249 	   -0.000000006513350 
   0.000000003248715 	   -0.000000006995848 
   0.000000003650508 	   -0.000000007585121 
   0.000000004112290 	   -0.000000008250377 
   0.000000004561189 	   -0.000000008951549 
   0.000000004964993 	   -0.000000009659079 
   0.000000005305116 	   -0.000000010352028 
   0.000000005568264 	   -0.000000011014974 
   0.000000005743492 	   -0.000000011635948 
   0.000000005821079 	   -0.000000012205220 
   0.000000005792084 	   -0.000000012714599 
   0.000000005648181 	   -0.000000013157014 
   0.000000005381626 	   -0.000000013526248 
   0.000000004985285 	   -0.000000013816780 
   0.000000004452698 	   -0.000000014023667 
   0.000000003778176 	   -0.000000014142479 
   0.000000002956895 	   -0.000000014169232 
   0.000000001985020 	   -0.000000014100346 
   0.000000000859830 	   -0.000000013932595 
  -0.000000000420132 	   -0.000000013663052 
  -0.000000001854895 	   -0.000000013289031 
  -0.000000003442868 	   -0.000000012808015 
  -0.000000005180609 	   -0.000000012217584 
  -0.000000007062558 	   -0.000000011515340 
  -0.000000009080713 	   -0.000000010698829 
  -0.000000011224258 	   -0.000000009765496 
  -0.000000013479125 	   -0.000000008712649 
  -0.000000015827493 	   -0.000000007537483 
  -0.000000018247236 	   -0.000000006237148 
  -0.000000020711319 	   -0.000000004808893 
   0.000000004042542 	   -0.000000005984542 
   0.000000002889485 	   -0.000000006653606 
   0.000000002989081 	   -0.000000007139940 
   0.000000003357054 	   -0.000000007722926 
   0.000000003782583 	   -0.000000008382456 
   0.000000004196917 	   -0.000000009081318 
   0.000000004569767 	   -0.000000009790725 
   0.000000004883771 	   -0.000000010489900 
   0.000000005126593 	   -0.000000011163439 
   0.000000005288117 	   -0.000000011799372 
   0.000000005359380 	   -0.000000012387986 
   0.000000005332143 	   -0.000000012921111 
   0.000000005198744 	   -0.000000013391697 
   0.000000004952066 	   -0.000000013793551 
   0.000000004585568 	   -0.000000014121162 
   0.000000004093356 	   -0.000000014369597 
   0.000000003470271 	   -0.000000014534423 
   0.000000002711997 	   -0.000000014611656 
   0.000000001815181 	   -0.000000014597711 
   0.000000000777567 	   -0.000000014489370 
  -0.000000000401850 	   -0.000000014283732 
  -0.000000001722651 	   -0.000000013978174 
  -0.000000003182802 	   -0.000000013570302 
  -0.000000004778417 	   -0.000000013057903 
  -0.000000006503508 	   -0.000000012438901 
  -0.000000008349672 	   -0.000000011711320 
  -0.000000010305758 	   -0.000000010873274 
  -0.000000012357473 	   -0.000000009922979 
  -0.000000014486961 	   -0.000000008858808 
  -0.000000016672339 	   -0.000000007679400 
  -0.000000018887206 	   -0.000000006383829 
   0.000000003742288 	   -0.000000006051611 
   0.000000002652235 	   -0.000000006785716 
   0.000000002735208 	   -0.000000007276091 
   0.000000003070516 	   -0.000000007853319 
   0.000000003460556 	   -0.000000008507398 
   0.000000003840926 	   -0.000000009203827 
   0.000000004183343 	   -0.000000009914570 
   0.000000004471686 	   -0.000000010619020 
   0.000000004694568 	   -0.000000011301786 
   0.000000004842691 	   -0.000000011950892 
   0.000000004907831 	   -0.000000012556616 
   0.000000004882440 	   -0.000000013110790 
   0.000000004759505 	   -0.000000013606365 
   0.000000004532517 	   -0.000000014037142 
   0.000000004195513 	   -0.000000014397600 
   0.000000003743139 	   -0.000000014682788 
   0.000000003170743 	   -0.000000014888250 
   0.000000002474479 	   -0.000000015009973 
   0.000000001651432 	   -0.000000015044350 
   0.000000000699754 	   -0.000000014988150 
  -0.000000000381188 	   -0.000000014838483 
  -0.000000001590631 	   -0.000000014592777 
  -0.000000002926227 	   -0.000000014248744 
  -0.000000004383822 	   -0.000000013804362 
  -0.000000005957207 	   -0.000000013257855 
  -0.000000007637841 	   -0.000000012607686 
  -0.000000009414543 	   -0.000000011852579 
  -0.000000011273158 	   -0.000000010991561 
  -0.000000013196196 	   -0.000000010024044 
  -0.000000015162451 	   -0.000000008949958 
  -0.000000017146619 	   -0.000000007769933 
   0.000000003439489 	   -0.000000006113601 
   0.000000002418343 	   -0.000000006909187 
   0.000000002486788 	   -0.000000007403709 
   0.000000002790490 	   -0.000000007975692 
   0.000000003145731 	   -0.000000008624634 
   0.000000003492675 	   -0.000000009318580 
   0.000000003805119 	   -0.000000010030220 
   0.000000004068201 	   -0.000000010739115 
   0.000000004271481 	   -0.000000011429891 
   0.000000004406467 	   -0.000000012090551 
   0.000000004465662 	   -0.000000012711357 
   0.000000004442193 	   -0.000000013284125 
   0.000000004329680 	   -0.000000013801789 
   0.000000004122212 	   -0.000000014258127 
   0.000000003814383 	   -0.000000014647592 
   0.000000003401361 	   -0.000000014965196 
   0.000000002878973 	   -0.000000015206441 
   0.000000002243814 	   -0.000000015367274 
   0.000000001493363 	   -0.000000015444049 
   0.000000000626120 	   -0.000000015433509 
  -0.000000000358242 	   -0.000000015332766 
  -0.000000001458711 	   -0.000000015139285 
  -0.000000002672750 	   -0.000000014850877 
  -0.000000003996081 	   -0.000000014465694 
  -0.000000005422463 	   -0.000000013982234 
  -0.000000006943437 	   -0.000000013399364 
  -0.000000008548054 	   -0.000000012716357 
  -0.000000010222589 	   -0.000000011932963 
  -0.000000011950238 	   -0.000000011049508 
  -0.000000013710824 	   -0.000000010067036 
  -0.000000015480484 	   -0.000000008987498 
   0.000000003134348 	   -0.000000006170432 
   0.000000002187626 	   -0.000000007023558 
   0.000000002243483 	   -0.000000007522235 
   0.000000002516545 	   -0.000000008089472 
   0.000000002837607 	   -0.000000008733622 
   0.000000003151603 	   -0.000000009425104 
   0.000000003434478 	   -0.000000010137290 
   0.000000003672650 	   -0.000000010849910 
   0.000000003856624 	   -0.000000011547604 
   0.000000003978702 	   -0.000000012218353 
   0.000000004032104 	   -0.000000012852391 
   0.000000004010620 	   -0.000000013441508 
   0.000000003908490 	   -0.000000013978609 
   0.000000003720386 	   -0.000000014457439 
   0.000000003441444 	   -0.000000014872408 
   0.000000003067334 	   -0.000000015218483 
   0.000000002594340 	   -0.000000015491115 
   0.000000002019465 	   -0.000000015686196 
   0.000000001340545 	   -0.000000015800036 
   0.000000000556378 	   -0.000000015829345 
  -0.000000000333128 	   -0.000000015771226 
  -0.000000001326795 	   -0.000000015623177 
  -0.000000002422000 	   -0.000000015383097 
  -0.000000003614479 	   -0.000000015049295 
  -0.000000004898118 	   -0.000000014620523 
  -0.000000006264727 	   -0.000000014096010 
  -0.000000007703806 	   -0.000000013475524 
  -0.000000009202300 	   -0.000000012759455 
  -0.000000010744357 	   -0.000000011948926 
  -0.000000012311088 	   -0.000000011045940 
  -0.000000013880345 	   -0.000000010053568 
   0.000000002827069 	   -0.000000006222037 
   0.000000001959879 	   -0.000000007128396 
   0.000000002004929 	   -0.000000007631145 
   0.000000002248223 	   -0.000000008194126 
   0.000000002535661 	   -0.000000008833858 
   0.000000002817130 	   -0.000000009522949 
   0.000000003070791 	   -0.000000010235409 
   0.000000003284359 	   -0.000000010951130 
   0.000000003449282 	   -0.000000011654764 
   0.000000003558652 	   -0.000000012334270 
   0.000000003606392 	   -0.000000012979847 
   0.000000003586944 	   -0.000000013583253 
   0.000000003495159 	   -0.000000014137355 
   0.000000003326276 	   -0.000000014635857 
   0.000000003075961 	   -0.000000015073123 
   0.000000002740368 	   -0.000000015444063 
   0.000000002316216 	   -0.000000015744072 
   0.000000001800888 	   -0.000000015968986 
   0.000000001192539 	   -0.000000016115062 
   0.000000000490220 	   -0.000000016178974 
  -0.000000000305983 	   -0.000000016157814 
  -0.000000001194806 	   -0.000000016049106 
  -0.000000002173635 	   -0.000000015850825 
  -0.000000003238334 	   -0.000000015561426 
  -0.000000004383052 	   -0.000000015179889 
  -0.000000005600033 	   -0.000000014705768 
  -0.000000006879402 	   -0.000000014139273 
  -0.000000008208976 	   -0.000000013481357 
  -0.000000009574055 	   -0.000000012733834 
  -0.000000010957253 	   -0.000000011899529 
  -0.000000012338329 	   -0.000000010982452 
   0.000000002517858 	   -0.000000006268356 
   0.000000001734872 	   -0.000000007223304 
   0.000000001770736 	   -0.000000007729954 
   0.000000001985043 	   -0.000000008289157 
   0.000000002239348 	   -0.000000008924871 
   0.000000002488661 	   -0.000000009611695 
   0.000000002713415 	   -0.000000010324227 
   0.000000002902642 	   -0.000000011042508 
   0.000000003048735 	   -0.000000011751206 
   0.000000003145566 	   -0.000000012438252 
   0.000000003187755 	   -0.000000013093813 
   0.000000003170387 	   -0.000000013709606 
   0.000000003088908 	   -0.000000014278461 
   0.000000002939118 	   -0.000000014794034 
   0.000000002717199 	   -0.000000015250639 
   0.000000002419770 	   -0.000000015643129 
   0.000000002043967 	   -0.000000015966840 
   0.000000001587527 	   -0.000000016217548 
   0.000000001048894 	   -0.000000016391459 
   0.000000000427329 	   -0.000000016485209 
  -0.000000000276962 	   -0.000000016495877 
  -0.000000001062690 	   -0.000000016421007 
  -0.000000001927337 	   -0.000000016258644 
  -0.000000002866992 	   -0.000000016007372 
  -0.000000003876190 	   -0.000000015666374 
  -0.000000004947737 	   -0.000000015235498 
  -0.000000006072540 	   -0.000000014715338 
  -0.000000007239441 	   -0.000000014107338 
  -0.000000008435065 	   -0.000000013413912 
  -0.000000009643681 	   -0.000000012638580 
  -0.000000010847100 	   -0.000000011786139 
   0.000000002206922 	   -0.000000006309338 
   0.000000001512354 	   -0.000000007307921 
   0.000000001540487 	   -0.000000007818220 
   0.000000001726500 	   -0.000000008374113 
   0.000000001948102 	   -0.000000009006230 
   0.000000002165579 	   -0.000000009690957 
   0.000000002361691 	   -0.000000010403417 
   0.000000002526803 	   -0.000000011123793 
   0.000000002654254 	   -0.000000011836764 
   0.000000002738691 	   -0.000000012530236 
   0.000000002775423 	   -0.000000013194342 
   0.000000002760167 	   -0.000000013820761 
   0.000000002688960 	   -0.000000014402280 
   0.000000002558149 	   -0.000000014932510 
   0.000000002364419 	   -0.000000015405712 
   0.000000002104843 	   -0.000000015816685 
   0.000000001776954 	   -0.000000016160704 
   0.000000001378823 	   -0.000000016433489 
   0.000000000909151 	   -0.000000016631195 
   0.000000000367372 	   -0.000000016750423 
  -0.000000000246233 	   -0.000000016788237 
  -0.000000000930411 	   -0.000000016742197 
  -0.000000001682810 	   -0.000000016610409 
  -0.000000002499832 	   -0.000000016391573 
  -0.000000003376496 	   -0.000000016085051 
  -0.000000004306284 	   -0.000000015690946 
  -0.000000005281008 	   -0.000000015210190 
  -0.000000006290667 	   -0.000000014644651 
  -0.000000007323334 	   -0.000000013997250 
  -0.000000008365061 	   -0.000000013272096 
  -0.000000009399808 	   -0.000000012474635 
   0.000000001894474 	   -0.000000006344939 
   0.000000001292055 	   -0.000000007381922 
   0.000000001313743 	   -0.000000007895546 
   0.000000001472065 	   -0.000000008448588 
   0.000000001661335 	   -0.000000009077550 
   0.000000001847251 	   -0.000000009760385 
   0.000000002014948 	   -0.000000010472683 
   0.000000002156136 	   -0.000000011194751 
   0.000000002265104 	   -0.000000011911279 
   0.000000002337268 	   -0.000000012610151 
   0.000000002368621 	   -0.000000013281466 
   0.000000002355504 	   -0.000000013916867 
   0.000000002294536 	   -0.000000014509099 
   0.000000002182602 	   -0.000000015051730 
   0.000000002016881 	   -0.000000015538970 
   0.000000001794887 	   -0.000000015965566 
   0.000000001514535 	   -0.000000016326739 
   0.000000001174208 	   -0.000000016618154 
   0.000000000772840 	   -0.000000016835921 
   0.000000000310006 	   -0.000000016976604 
  -0.000000000213979 	   -0.000000017037254 
  -0.000000000797951 	   -0.000000017015447 
  -0.000000001439782 	   -0.000000016909341 
  -0.000000002136262 	   -0.000000016717734 
  -0.000000002882975 	   -0.000000016440146 
  -0.000000003674178 	   -0.000000016076899 
  -0.000000004502683 	   -0.000000015629215 
  -0.000000005359752 	   -0.000000015099320 
  -0.000000006235010 	   -0.000000014490565 
  -0.000000007116376 	   -0.000000013807544 
  -0.000000007990034 	   -0.000000013056236 
   0.000000001580724 	   -0.000000006375123 
   0.000000001073691 	   -0.000000007445026 
   0.000000001090044 	   -0.000000007961581 
   0.000000001221192 	   -0.000000008512226 
   0.000000001378445 	   -0.000000009138489 
   0.000000001533032 	   -0.000000009819671 
   0.000000001672501 	   -0.000000010531760 
   0.000000001789925 	   -0.000000011255170 
   0.000000001880539 	   -0.000000011974603 
   0.000000001940532 	   -0.000000012677923 
   0.000000001966568 	   -0.000000013355198 
   0.000000001955611 	   -0.000000013998036 
   0.000000001904853 	   -0.000000014599146 
   0.000000001811710 	   -0.000000015152055 
   0.000000001673843 	   -0.000000015650928 
   0.000000001489200 	   -0.000000016090464 
   0.000000001256063 	   -0.000000016465833 
   0.000000000973110 	   -0.000000016772656 
   0.000000000639486 	   -0.000000017006998 
   0.000000000254879 	   -0.000000017165394 
  -0.000000000180396 	   -0.000000017244882 
  -0.000000000665305 	   -0.000000017243049 
  -0.000000001198000 	   -0.000000017158097 
  -0.000000001775716 	   -0.000000016988912 
  -0.000000002394673 	   -0.000000016735142 
  -0.000000003049976 	   -0.000000016397297 
  -0.000000003735521 	   -0.000000015976840 
  -0.000000004443917 	   -0.000000015476297 
  -0.000000005166415 	   -0.000000014899370 
  -0.000000005892871 	   -0.000000014251054 
  -0.000000006611731 	   -0.000000013537750 
   0.000000001265887 	   -0.000000006399858 
   0.000000000856960 	   -0.000000007496990 
   0.000000000868913 	   -0.000000008016025 
   0.000000000973316 	   -0.000000008564718 
   0.000000001098811 	   -0.000000009188756 
   0.000000001222257 	   -0.000000009868548 
   0.000000001333653 	   -0.000000010580417 
   0.000000001427441 	   -0.000000011304866 
   0.000000001499810 	   -0.000000012026606 
   0.000000001547711 	   -0.000000012733482 
   0.000000001568482 	   -0.000000013415538 
   0.000000001559700 	   -0.000000014064352 
   0.000000001519126 	   -0.000000014672600 
   0.000000001444700 	   -0.000000015233774 
   0.000000001334561 	   -0.000000015741999 
   0.000000001187076 	   -0.000000016191935 
   0.000000001000886 	   -0.000000016578708 
   0.000000000774950 	   -0.000000016897898 
   0.000000000508605 	   -0.000000017145536 
   0.000000000201630 	   -0.000000017318130 
  -0.000000000145689 	   -0.000000017412707 
  -0.000000000532485 	   -0.000000017426863 
  -0.000000000957228 	   -0.000000017358838 
  -0.000000001417651 	   -0.000000017207585 
  -0.000000001910664 	   -0.000000016972864 
  -0.000000002432282 	   -0.000000016655332 
  -0.000000002977551 	   -0.000000016256650 
  -0.000000003540486 	   -0.000000015779586 
  -0.000000004114026 	   -0.000000015228125 
  -0.000000004690010 	   -0.000000014607574 
  -0.000000005259176 	   -0.000000013924670 
   0.000000000950180 	   -0.000000006419121 
   0.000000000641551 	   -0.000000007537615 
   0.000000000649854 	   -0.000000008058632 
   0.000000000727856 	   -0.000000008605812 
   0.000000000821799 	   -0.000000009228106 
   0.000000000914254 	   -0.000000009906796 
   0.000000000997697 	   -0.000000010618464 
   0.000000001067952 	   -0.000000011343684 
   0.000000001122157 	   -0.000000012067174 
   0.000000001158029 	   -0.000000012776766 
   0.000000001173575 	   -0.000000013462482 
   0.000000001166980 	   -0.000000014115877 
   0.000000001136568 	   -0.000000014729599 
   0.000000001080801 	   -0.000000015297112 
   0.000000000998286 	   -0.000000015812511 
   0.000000000887806 	   -0.000000016270419 
   0.000000000748350 	   -0.000000016665932 
   0.000000000579146 	   -0.000000016994596 
   0.000000000379711 	   -0.000000017252412 
   0.000000000149893 	   -0.000000017435869 
  -0.000000000110073 	   -0.000000017541983 
  -0.000000000399511 	   -0.000000017568361 
  -0.000000000717246 	   -0.000000017513267 
  -0.000000001061546 	   -0.000000017375712 
  -0.000000001430055 	   -0.000000017155537 
  -0.000000001819745 	   -0.000000016853519 
  -0.000000002226859 	   -0.000000016471470 
  -0.000000002646870 	   -0.000000016012342 
  -0.000000003074446 	   -0.000000015480337 
  -0.000000003503443 	   -0.000000014881000 
  -0.000000003926905 	   -0.000000014221319 
   0.000000000633817 	   -0.000000006432894 
   0.000000000427142 	   -0.000000007566745 
   0.000000000432361 	   -0.000000008089205 
   0.000000000484220 	   -0.000000008635308 
   0.000000000546763 	   -0.000000009256351 
   0.000000000608339 	   -0.000000009934242 
   0.000000000663918 	   -0.000000010645750 
   0.000000000710714 	   -0.000000011371500 
   0.000000000746818 	   -0.000000012096218 
   0.000000000770707 	   -0.000000012807723 
   0.000000000781055 	   -0.000000013496022 
   0.000000000776655 	   -0.000000014152653 
   0.000000000756389 	   -0.000000014770244 
   0.000000000719236 	   -0.000000015342238 
   0.000000000664269 	   -0.000000015862706 
   0.000000000590679 	   -0.000000016326249 
   0.000000000497797 	   -0.000000016727936 
   0.000000000385112 	   -0.000000017063288 
   0.000000000252309 	   -0.000000017328289 
   0.000000000099294 	   -0.000000017519410 
  -0.000000000073767 	   -0.000000017633662 
  -0.000000000266413 	   -0.000000017668655 
  -0.000000000477846 	   -0.000000017622676 
  -0.000000000706895 	   -0.000000017494772 
  -0.000000000951974 	   -0.000000017284847 
  -0.000000001211045 	   -0.000000016993760 
  -0.000000001481584 	   -0.000000016623430 
  -0.000000001760553 	   -0.000000016176943 
  -0.000000002044384 	   -0.000000015658650 
  -0.000000002328968 	   -0.000000015074267 
  -0.000000002609666 	   -0.000000014430951 
   0.000000000317018 	   -0.000000006441162 
   0.000000000213403 	   -0.000000007584268 
   0.000000000215917 	   -0.000000008107605 
   0.000000000241804 	   -0.000000008653064 
   0.000000000273050 	   -0.000000009273353 
   0.000000000303820 	   -0.000000009950760 
   0.000000000331595 	   -0.000000010662165 
   0.000000000354980 	   -0.000000011388227 
   0.000000000373022 	   -0.000000012113671 
   0.000000000384960 	   -0.000000012826313 
   0.000000000390129 	   -0.000000013516150 
   0.000000000387927 	   -0.000000014174707 
   0.000000000377798 	   -0.000000014794604 
   0.000000000359228 	   -0.000000015369268 
   0.000000000331758 	   -0.000000015892757 
   0.000000000294982 	   -0.000000016359656 
   0.000000000248567 	   -0.000000016765019 
   0.000000000192260 	   -0.000000017104355 
   0.000000000125905 	   -0.000000017373632 
   0.000000000049456 	   -0.000000017569314 
  -0.000000000037000 	   -0.000000017688407 
  -0.000000000133229 	   -0.000000017728524 
  -0.000000000238828 	   -0.000000017687965 
  -0.000000000353208 	   -0.000000017565801 
  -0.000000000475570 	   -0.000000017361970 
  -0.000000000604889 	   -0.000000017077382 
  -0.000000000739898 	   -0.000000016714021 
  -0.000000000879072 	   -0.000000016275050 
  -0.000000001020623 	   -0.000000015764912 
  -0.000000001162493 	   -0.000000015189421 
  -0.000000001302362 	   -0.000000014555837 
   0.000000000000000 	   -0.000000006443920 
   0.000000000000000 	   -0.000000007590116 
   0.000000000000000 	   -0.000000008113748 
   0.000000000000000 	   -0.000000008658992 
   0.000000000000000 	   -0.000000009279029 
   0.000000000000000 	   -0.000000009956274 
   0.000000000000000 	   -0.000000010667644 
   0.000000000000000 	   -0.000000011393808 
   0.000000000000000 	   -0.000000012119493 
   0.000000000000000 	   -0.000000012832512 
   0.000000000000000 	   -0.000000013522860 
   0.000000000000000 	   -0.000000014182057 
   0.000000000000000 	   -0.000000014802720 
   0.000000000000000 	   -0.000000015378270 
   0.000000000000000 	   -0.000000015902763 
   0.000000000000000 	   -0.000000016370776 
   0.000000000000000 	   -0.000000016777361 
   0.000000000000000 	   -0.000000017118019 
   0.000000000000000 	   -0.000000017388716 
   0.000000000000000 	   -0.000000017585912 
   0.000000000000000 	   -0.000000017706612 
   0.000000000000000 	   -0.000000017748430 
   0.000000000000000 	   -0.000000017709670 
   0.000000000000000 	   -0.000000017589409 
   0.000000000000000 	   -0.000000017387600 
   0.000000000000000 	   -0.000000017105169 
   0.000000000000000 	   -0.000000016744120 
   0.000000000000000 	   -0.000000016307644 
   0.000000000000000 	   -0.000000015800213 
   0.000000000000000 	   -0.000000015227673 
   0.000000000000000 	   -0.000000014597318 
