   0.030000000000000 	    0.000000000000000 
   0.042333333333333 	    0.000000000000000 
   0.054666666666667 	    0.000000000000000 
   0.067000000000000 	    0.000000000000000 
   0.079333333333333 	    0.000000000000000 
   0.091666666666667 	    0.000000000000000 
   0.104000000000000 	    0.000000000000000 
   0.116333333333333 	    0.000000000000000 
   0.128666666666667 	    0.000000000000000 
   0.141000000000000 	    0.000000000000000 
   0.153333333333333 	    0.000000000000000 
   0.165666666666667 	    0.000000000000000 
   0.178000000000000 	    0.000000000000000 
   0.190333333333333 	    0.000000000000000 
   0.202666666666667 	    0.000000000000000 
   0.215000000000000 	    0.000000000000000 
   0.227333333333333 	    0.000000000000000 
   0.239666666666667 	    0.000000000000000 
   0.252000000000000 	    0.000000000000000 
   0.264333333333333 	    0.000000000000000 
   0.276666666666667 	    0.000000000000000 
   0.289000000000000 	    0.000000000000000 
   0.301333333333333 	    0.000000000000000 
   0.313666666666667 	    0.000000000000000 
   0.326000000000000 	    0.000000000000000 
   0.338333333333333 	    0.000000000000000 
   0.350666666666667 	    0.000000000000000 
   0.363000000000000 	    0.000000000000000 
   0.375333333333333 	    0.000000000000000 
   0.387666666666667 	    0.000000000000000 
   0.400000000000000 	    0.000000000000000 
   0.029989719749267 	    0.000785308449236 
   0.042323395757624 	    0.001108277121851 
   0.054657071765982 	    0.001431245794465 
   0.066990747774340 	    0.001754214467080 
   0.079324423782698 	    0.002077183139695 
   0.091658099791056 	    0.002400151812309 
   0.103991775799413 	    0.002723120484924 
   0.116325451807771 	    0.003046089157539 
   0.128659127816129 	    0.003369057830153 
   0.140992803824487 	    0.003692026502768 
   0.153326479832845 	    0.004014995175382 
   0.165660155841202 	    0.004337963847997 
   0.177993831849560 	    0.004660932520612 
   0.190327507857918 	    0.004983901193226 
   0.202661183866276 	    0.005306869865841 
   0.214994859874633 	    0.005629838538455 
   0.227328535882991 	    0.005952807211070 
   0.239662211891349 	    0.006275775883685 
   0.251995887899707 	    0.006598744556299 
   0.264329563908065 	    0.006921713228914 
   0.276663239916422 	    0.007244681901529 
   0.288996915924780 	    0.007567650574143 
   0.301330591933138 	    0.007890619246758 
   0.313664267941496 	    0.008213587919372 
   0.325997943949853 	    0.008536556591987 
   0.338331619958211 	    0.008859525264602 
   0.350665295966569 	    0.009182493937216 
   0.362998971974927 	    0.009505462609831 
   0.375332647983284 	    0.009828431282446 
   0.387666323991642 	    0.010151399955060 
   0.400000000000000 	    0.010474368627675 
   0.029958886042637 	    0.001570078687288 
   0.042293589841216 	    0.002216513121486 
   0.054628293639795 	    0.002862947555684 
   0.066962997438373 	    0.003509381989881 
   0.079297701236952 	    0.004155816424079 
   0.091632405035531 	    0.004802250858276 
   0.103967108834110 	    0.005448685292474 
   0.116301812632689 	    0.006095119726672 
   0.128636516431267 	    0.006741554160869 
   0.140971220229846 	    0.007387988595067 
   0.153305924028425 	    0.008034423029264 
   0.165640627827004 	    0.008680857463462 
   0.177975331625582 	    0.009327291897660 
   0.190310035424161 	    0.009973726331857 
   0.202644739222740 	    0.010620160766055 
   0.214979443021319 	    0.011266595200252 
   0.227314146819897 	    0.011913029634450 
   0.239648850618476 	    0.012559464068648 
   0.251983554417055 	    0.013205898502845 
   0.264318258215634 	    0.013852332937043 
   0.276652962014212 	    0.014498767371240 
   0.288987665812791 	    0.015145201805438 
   0.301322369611370 	    0.015791636239636 
   0.313657073409949 	    0.016438070673833 
   0.325991777208527 	    0.017084505108031 
   0.338326481007106 	    0.017730939542228 
   0.350661184805685 	    0.018377373976426 
   0.362995888604264 	    0.019023808410624 
   0.375330592402843 	    0.019670242844821 
   0.387665296201421 	    0.020316677279019 
   0.400000000000000 	    0.020963111713216 
   0.029907520011994 	    0.002353772871835 
   0.042243936011594 	    0.003324669867102 
   0.054580352011194 	    0.004295566862369 
   0.066916768010794 	    0.005266463857637 
   0.079253184010395 	    0.006237360852904 
   0.091589600009995 	    0.007208257848171 
   0.103926016009595 	    0.008179154843438 
   0.116262432009195 	    0.009150051838705 
   0.128598848008796 	    0.010120948833972 
   0.140935264008396 	    0.011091845829239 
   0.153271680007996 	    0.012062742824506 
   0.165608096007596 	    0.013033639819773 
   0.177944512007196 	    0.014004536815040 
   0.190280928006797 	    0.014975433810307 
   0.202617344006397 	    0.015946330805574 
   0.214953760005997 	    0.016917227800841 
   0.227290176005597 	    0.017888124796108 
   0.239626592005197 	    0.018859021791375 
   0.251963008004798 	    0.019829918786643 
   0.264299424004398 	    0.020800815781910 
   0.276635840003998 	    0.021771712777177 
   0.288972256003598 	    0.022742609772444 
   0.301308672003198 	    0.023713506767711 
   0.313645088002799 	    0.024684403762978 
   0.325981504002399 	    0.025655300758245 
   0.338317920001999 	    0.026626197753512 
   0.350654336001599 	    0.027597094748779 
   0.362990752001199 	    0.028567991744046 
   0.375327168000800 	    0.029538888739313 
   0.387663584000400 	    0.030509785734580 
   0.400000000000000 	    0.031480682729847 
   0.029835656861048 	    0.003135853898030 
   0.042174468299013 	    0.004432715238304 
   0.054513279736978 	    0.005729576578579 
   0.066852091174943 	    0.007026437918854 
   0.079190902612908 	    0.008323299259128 
   0.091529714050873 	    0.009620160599403 
   0.103868525488839 	    0.010917021939678 
   0.116207336926804 	    0.012213883279952 
   0.128546148364769 	    0.013510744620227 
   0.140884959802734 	    0.014807605960502 
   0.153223771240699 	    0.016104467300777 
   0.165562582678664 	    0.017401328641051 
   0.177901394116629 	    0.018698189981326 
   0.190240205554594 	    0.019995051321601 
   0.202579016992559 	    0.021291912661875 
   0.214917828430524 	    0.022588774002150 
   0.227256639868489 	    0.023885635342425 
   0.239595451306454 	    0.025182496682699 
   0.251934262744419 	    0.026479358022974 
   0.264273074182384 	    0.027776219363249 
   0.276611885620349 	    0.029073080703524 
   0.288950697058314 	    0.030369942043798 
   0.301289508496280 	    0.031666803384073 
   0.313628319934245 	    0.032963664724348 
   0.325967131372210 	    0.034260526064622 
   0.338305942810175 	    0.035557387404897 
   0.350644754248140 	    0.036854248745172 
   0.362983565686105 	    0.038151110085446 
   0.375322377124070 	    0.039447971425721 
   0.387661188562035 	    0.040744832765996 
   0.400000000000000 	    0.042041694106271 
   0.029743345841214 	    0.003915785766602 
   0.042085234313174 	    0.005540626208880 
   0.054427122785133 	    0.007165466651159 
   0.066769011257093 	    0.008790307093437 
   0.079110899729052 	    0.010415147535716 
   0.091452788201012 	    0.012039987977994 
   0.103794676672971 	    0.013664828420273 
   0.116136565144931 	    0.015289668862551 
   0.128478453616891 	    0.016914509304830 
   0.140820342088850 	    0.018539349747109 
   0.153162230560810 	    0.020164190189387 
   0.165504119032769 	    0.021789030631666 
   0.177846007504729 	    0.023413871073944 
   0.190187895976688 	    0.025038711516223 
   0.202529784448648 	    0.026663551958501 
   0.214871672920607 	    0.028288392400780 
   0.227213561392567 	    0.029913232843059 
   0.239555449864526 	    0.031538073285337 
   0.251897338336486 	    0.033162913727616 
   0.264239226808445 	    0.034787754169894 
   0.276581115280405 	    0.036412594612173 
   0.288923003752364 	    0.038037435054451 
   0.301264892224324 	    0.039662275496730 
   0.313606780696283 	    0.041287115939008 
   0.325948669168243 	    0.042911956381287 
   0.338290557640202 	    0.044536796823566 
   0.350632446112162 	    0.046161637265844 
   0.362974334584122 	    0.047786477708123 
   0.375316223056081 	    0.049411318150401 
   0.387658111528041 	    0.051036158592680 
   0.400000000000000 	    0.052660999034958 
   0.029630650217854 	    0.004693033951207 
   0.041976295210592 	    0.006648392023827 
   0.054321940203331 	    0.008603750096447 
   0.066667585196069 	    0.010559108169068 
   0.079013230188807 	    0.012514466241688 
   0.091358875181545 	    0.014469824314308 
   0.103704520174283 	    0.016425182386928 
   0.116050165167022 	    0.018380540459549 
   0.128395810159760 	    0.020335898532169 
   0.140741455152498 	    0.022291256604789 
   0.153087100145236 	    0.024246614677409 
   0.165432745137974 	    0.026201972750030 
   0.177778390130712 	    0.028157330822650 
   0.190124035123451 	    0.030112688895270 
   0.202469680116189 	    0.032068046967890 
   0.214815325108927 	    0.034023405040511 
   0.227160970101665 	    0.035978763113131 
   0.239506615094403 	    0.037934121185751 
   0.251852260087142 	    0.039889479258371 
   0.264197905079880 	    0.041844837330992 
   0.276543550072618 	    0.043800195403612 
   0.288889195065356 	    0.045755553476232 
   0.301234840058094 	    0.047710911548852 
   0.313580485050833 	    0.049666269621473 
   0.325926130043571 	    0.051621627694093 
   0.338271775036309 	    0.053576985766713 
   0.350617420029047 	    0.055532343839334 
   0.362963065021785 	    0.057487701911954 
   0.375308710014524 	    0.059443059984574 
   0.387654355007262 	    0.061398418057194 
   0.400000000000000 	    0.063353776129815 
   0.029497647226919 	    0.005467065764764 
   0.041847725652688 	    0.007756017505026 
   0.054197804078457 	    0.010044969245288 
   0.066547882504227 	    0.012333920985549 
   0.078897960929996 	    0.014622872725811 
   0.091248039355766 	    0.016911824466073 
   0.103598117781535 	    0.019200776206334 
   0.115948196207304 	    0.021489727946596 
   0.128298274633074 	    0.023778679686858 
   0.140648353058843 	    0.026067631427119 
   0.152998431484612 	    0.028356583167381 
   0.165348509910382 	    0.030645534907643 
   0.177698588336151 	    0.032934486647904 
   0.190048666761921 	    0.035223438388166 
   0.202398745187690 	    0.037512390128427 
   0.214748823613459 	    0.039801341868689 
   0.227098902039229 	    0.042090293608951 
   0.239448980464998 	    0.044379245349212 
   0.251799058890767 	    0.046668197089474 
   0.264149137316537 	    0.048957148829736 
   0.276499215742306 	    0.051246100569997 
   0.288849294168076 	    0.053535052310259 
   0.301199372593845 	    0.055824004050521 
   0.313549451019614 	    0.058112955790782 
   0.325899529445384 	    0.060401907531044 
   0.338249607871153 	    0.062690859271306 
   0.350599686296923 	    0.064979811011567 
   0.362949764722692 	    0.067268762751829 
   0.375299843148461 	    0.069557714492090 
   0.387649921574231 	    0.071846666232352 
   0.400000000000000 	    0.074135617972614 
   0.029344428022014 	    0.006237350724533 
   0.041699613754614 	    0.008863526522649 
   0.054054799487213 	    0.011489702320765 
   0.066409985219813 	    0.014115878118880 
   0.078765170952412 	    0.016742053916996 
   0.091120356685012 	    0.019368229715112 
   0.103475542417611 	    0.021994405513228 
   0.115830728150211 	    0.024620581311344 
   0.128185913882810 	    0.027246757109460 
   0.140541099615410 	    0.029872932907576 
   0.152896285348009 	    0.032499108705691 
   0.165251471080609 	    0.035125284503807 
   0.177606656813209 	    0.037751460301923 
   0.189961842545808 	    0.040377636100039 
   0.202317028278408 	    0.043003811898155 
   0.214672214011007 	    0.045629987696271 
   0.227027399743607 	    0.048256163494387 
   0.239382585476206 	    0.050882339292503 
   0.251737771208806 	    0.053508515090618 
   0.264092956941405 	    0.056134690888734 
   0.276448142674005 	    0.058760866686850 
   0.288803328406604 	    0.061387042484966 
   0.301158514139204 	    0.064013218283082 
   0.313513699871803 	    0.066639394081198 
   0.325868885604403 	    0.069265569879314 
   0.338224071337002 	    0.071891745677429 
   0.350579257069602 	    0.074517921475545 
   0.362934442802201 	    0.077144097273661 
   0.375289628534801 	    0.079770273071777 
   0.387644814267401 	    0.082396448869893 
   0.400000000000000 	    0.085022624668009 
   0.029171097611930 	    0.007003360915677 
   0.041532061024866 	    0.009970965672889 
   0.053893024437802 	    0.012938570430102 
   0.066253987850737 	    0.015906175187314 
   0.078614951263673 	    0.018873779944526 
   0.090975914676609 	    0.021841384701739 
   0.103336878089544 	    0.024808989458951 
   0.115697841502480 	    0.027776594216163 
   0.128058804915416 	    0.030744198973376 
   0.140419768328351 	    0.033711803730588 
   0.152780731741287 	    0.036679408487800 
   0.165141695154223 	    0.039647013245013 
   0.177502658567158 	    0.042614618002225 
   0.189863621980094 	    0.045582222759437 
   0.202224585393030 	    0.048549827516649 
   0.214585548805965 	    0.051517432273862 
   0.226946512218901 	    0.054485037031074 
   0.239307475631836 	    0.057452641788286 
   0.251668439044772 	    0.060420246545499 
   0.264029402457708 	    0.063387851302711 
   0.276390365870643 	    0.066355456059923 
   0.288751329283579 	    0.069323060817136 
   0.301112292696515 	    0.072290665574348 
   0.313473256109450 	    0.075258270331560 
   0.325834219522386 	    0.078225875088773 
   0.338195182935322 	    0.081193479845985 
   0.350556146348257 	    0.084161084603197 
   0.362917109761193 	    0.087128689360409 
   0.375278073174129 	    0.090096294117622 
   0.387639036587064 	    0.093063898874834 
   0.400000000000000 	    0.096031503632046 
   0.028977774788672 	    0.007764571353076 
   0.041345182295716 	    0.011078408207055 
   0.053712589802761 	    0.014392245061034 
   0.066079997309805 	    0.017706081915013 
   0.078447404816849 	    0.021019918768992 
   0.090814812323893 	    0.024333755622971 
   0.103182219830938 	    0.027647592476950 
   0.115549627337982 	    0.030961429330929 
   0.127917034845026 	    0.034275266184909 
   0.140284442352070 	    0.037589103038888 
   0.152651849859115 	    0.040902939892867 
   0.165019257366159 	    0.044216776746846 
   0.177386664873203 	    0.047530613600825 
   0.189754072380248 	    0.050844450454804 
   0.202121479887292 	    0.054158287308783 
   0.214488887394336 	    0.057472124162762 
   0.226856294901380 	    0.060785961016741 
   0.239223702408425 	    0.064099797870721 
   0.251591109915469 	    0.067413634724700 
   0.263958517422513 	    0.070727471578679 
   0.276325924929557 	    0.074041308432658 
   0.288693332436602 	    0.077355145286637 
   0.301060739943646 	    0.080668982140616 
   0.313428147450690 	    0.083982818994595 
   0.325795554957734 	    0.087296655848574 
   0.338162962464779 	    0.090610492702554 
   0.350530369971823 	    0.093924329556533 
   0.362897777478867 	    0.097238166410512 
   0.375265184985911 	    0.100552003264491 
   0.387632592492956 	    0.103865840118470 
   0.400000000000000 	    0.107179676972449 
   0.028764592046046 	    0.008520460341118 
   0.041139105644511 	    0.012185958262575 
   0.053513619242976 	    0.015851456184032 
   0.065888132841441 	    0.019516954105489 
   0.078262646439906 	    0.023182452026946 
   0.090637160038371 	    0.026847949948403 
   0.103011673636837 	    0.030513447869861 
   0.115386187235302 	    0.034178945791318 
   0.127760700833767 	    0.037844443712775 
   0.140135214432232 	    0.041509941634232 
   0.152509728030697 	    0.045175439555689 
   0.164884241629162 	    0.048840937477146 
   0.177258755227627 	    0.052506435398603 
   0.189633268826093 	    0.056171933320061 
   0.202007782424558 	    0.059837431241518 
   0.214382296023023 	    0.063502929162975 
   0.226756809621488 	    0.067168427084432 
   0.239131323219953 	    0.070833925005889 
   0.251505836818418 	    0.074499422927346 
   0.263880350416883 	    0.078164920848803 
   0.276254864015349 	    0.081830418770261 
   0.288629377613814 	    0.085495916691718 
   0.301003891212279 	    0.089161414613175 
   0.313378404810744 	    0.092826912534632 
   0.325752918409209 	    0.096492410456089 
   0.338127432007674 	    0.100157908377546 
   0.350501945606139 	    0.103823406299003 
   0.362876459204605 	    0.107488904220461 
   0.375250972803070 	    0.111154402141918 
   0.387625486401535 	    0.114819900063375 
   0.400000000000000 	    0.118485397984832 
   0.028531695488855 	    0.009270509831248 
   0.040913972305893 	    0.013293755453312 
   0.053296249122931 	    0.017317001075376 
   0.065678525939969 	    0.021340246697440 
   0.078060802757007 	    0.025363492319504 
   0.090443079574046 	    0.029386737941567 
   0.102825356391084 	    0.033409983563631 
   0.115207633208122 	    0.037433229185695 
   0.127589910025160 	    0.041456474807759 
   0.139972186842198 	    0.045479720429823 
   0.152354463659236 	    0.049502966051886 
   0.164736740476275 	    0.053526211673950 
   0.177119017293313 	    0.057549457296014 
   0.189501294110351 	    0.061572702918078 
   0.201883570927389 	    0.065595948540142 
   0.214265847744427 	    0.069619194162205 
   0.226648124561465 	    0.073642439784269 
   0.239030401378504 	    0.077665685406333 
   0.251412678195542 	    0.081688931028397 
   0.263794955012580 	    0.085712176650461 
   0.276177231829618 	    0.089735422272524 
   0.288559508646656 	    0.093758667894588 
   0.300941785463695 	    0.097781913516652 
   0.313324062280733 	    0.101805159138716 
   0.325706339097771 	    0.105828404760780 
   0.338088615914809 	    0.109851650382844 
   0.350470892731847 	    0.113874896004907 
   0.362853169548886 	    0.117898141626971 
   0.375235446365924 	    0.121921387249035 
   0.387617723182962 	    0.125944632871099 
   0.400000000000000 	    0.129967878493163 
   0.028279244732765 	    0.010014205777013 
   0.040669936575007 	    0.014401979884855 
   0.053060628417248 	    0.018789753992698 
   0.065451320259489 	    0.023177528100540 
   0.077842012101730 	    0.027565302208382 
   0.090232703943971 	    0.031953076316224 
   0.102623395786212 	    0.036340850424066 
   0.115014087628453 	    0.040728624531909 
   0.127404779470695 	    0.045116398639751 
   0.139795471312936 	    0.049504172747593 
   0.152186163155177 	    0.053891946855435 
   0.164576854997418 	    0.058279720963277 
   0.176967546839659 	    0.062667495071120 
   0.189358238681900 	    0.067055269178962 
   0.201748930524142 	    0.071443043286804 
   0.214139622366383 	    0.075830817394646 
   0.226530314208624 	    0.080218591502488 
   0.238921006050865 	    0.084606365610331 
   0.251311697893106 	    0.088994139718173 
   0.263702389735347 	    0.093381913826015 
   0.276093081577588 	    0.097769687933857 
   0.288483773419830 	    0.102157462041699 
   0.300874465262071 	    0.106545236149542 
   0.313265157104312 	    0.110933010257384 
   0.325655848946553 	    0.115320784365226 
   0.338046540788794 	    0.119708558473068 
   0.350437232631035 	    0.124096332580910 
   0.362827924473277 	    0.128484106688753 
   0.375218616315518 	    0.132871880796595 
   0.387609308157759 	    0.137259654904437 
   0.400000000000000 	    0.141647429012279 
   0.028007412794916 	    0.010751038486359 
   0.040407165701752 	    0.015510857670619 
   0.052806918608588 	    0.020270676854879 
   0.065206671515424 	    0.025030496039140 
   0.077606424422261 	    0.029790315223400 
   0.090006177329097 	    0.034550134407660 
   0.102405930235933 	    0.039309953591920 
   0.114805683142769 	    0.044069772776181 
   0.127205436049605 	    0.048829591960441 
   0.139605188956441 	    0.053589411144701 
   0.152004941863277 	    0.058349230328961 
   0.164404694770113 	    0.063109049513222 
   0.176804447676950 	    0.067868868697482 
   0.189204200583786 	    0.072628687881742 
   0.201603953490622 	    0.077388507066002 
   0.214003706397458 	    0.082148326250263 
   0.226403459304294 	    0.086908145434523 
   0.238803212211130 	    0.091667964618783 
   0.251202965117966 	    0.096427783803043 
   0.263602718024803 	    0.101187602987304 
   0.276002470931639 	    0.105947422171564 
   0.288402223838475 	    0.110707241355824 
   0.300801976745311 	    0.115467060540084 
   0.313201729652147 	    0.120226879724345 
   0.325601482558983 	    0.124986698908605 
   0.338001235465819 	    0.129746518092865 
   0.350400988372655 	    0.134506337277125 
   0.362800741279492 	    0.139266156461386 
   0.375200494186328 	    0.144025975645646 
   0.387600247093164 	    0.148785794829906 
   0.400000000000000 	    0.153545614014166 
   0.027716385975339 	    0.011480502970953 
   0.040125839776161 	    0.016620667036896 
   0.052535293576983 	    0.021760831102838 
   0.064944747377805 	    0.026900995168781 
   0.077354201178627 	    0.032041159234724 
   0.089763654979449 	    0.037181323300667 
   0.102173108780271 	    0.042321487366610 
   0.114582562581093 	    0.047461651432553 
   0.126992016381915 	    0.052601815498495 
   0.139401470182737 	    0.057741979564438 
   0.151810923983559 	    0.062882143630381 
   0.164220377784381 	    0.068022307696324 
   0.176629831585203 	    0.073162471762267 
   0.189039285386025 	    0.078302635828210 
   0.201448739186847 	    0.083442799894153 
   0.213858192987669 	    0.088582963960095 
   0.226267646788491 	    0.093723128026038 
   0.238677100589313 	    0.098863292091981 
   0.251086554390135 	    0.104003456157924 
   0.263496008190957 	    0.109143620223867 
   0.275905461991780 	    0.114283784289810 
   0.288314915792602 	    0.119423948355752 
   0.300724369593424 	    0.124564112421695 
   0.313133823394246 	    0.129704276487638 
   0.325543277195068 	    0.134844440553581 
   0.337952730995890 	    0.139984604619524 
   0.350362184796712 	    0.145124768685467 
   0.362771638597534 	    0.150264932751410 
   0.375181092398356 	    0.155405096817352 
   0.387590546199178 	    0.160545260883295 
   0.400000000000000 	    0.165685424949238 
   0.027406363729278 	    0.012202099292274 
   0.039826151604969 	    0.017731745119979 
   0.052245939480659 	    0.023261390947683 
   0.064665727356350 	    0.028791036775388 
   0.077085515232041 	    0.034320682603093 
   0.089505303107732 	    0.039850328430797 
   0.101925090983422 	    0.045379974258502 
   0.114344878859113 	    0.050909620086207 
   0.126764666734804 	    0.056439265913911 
   0.139184454610495 	    0.061968911741616 
   0.151604242486185 	    0.067498557569321 
   0.164024030361876 	    0.073028203397025 
   0.176443818237567 	    0.078557849224730 
   0.188863606113258 	    0.084087495052435 
   0.201283393988948 	    0.089617140880140 
   0.213703181864639 	    0.095146786707844 
   0.226122969740330 	    0.100676432535549 
   0.238542757616020 	    0.106206078363254 
   0.250962545491711 	    0.111735724190958 
   0.263382333367402 	    0.117265370018663 
   0.275802121243093 	    0.122795015846368 
   0.288221909118783 	    0.128324661674072 
   0.300641696994474 	    0.133854307501777 
   0.313061484870165 	    0.139383953329482 
   0.325481272745856 	    0.144913599157186 
   0.337901060621546 	    0.150443244984891 
   0.350320848497237 	    0.155972890812596 
   0.362740636372928 	    0.161502536640300 
   0.375160424248619 	    0.167032182468005 
   0.387580212124309 	    0.172561828295710 
   0.400000000000000 	    0.178091474123414 
   0.027077558530496 	    0.012915332904249 
   0.039508306579479 	    0.018844495576749 
   0.051939054628463 	    0.024773658249250 
   0.064369802677446 	    0.030702820921750 
   0.076800550726430 	    0.036631983594251 
   0.089231298775413 	    0.042561146266751 
   0.101662046824397 	    0.048490308939252 
   0.114092794873380 	    0.054419471611752 
   0.126523542922364 	    0.060348634284253 
   0.138954290971347 	    0.066277796956753 
   0.151385039020331 	    0.072206959629254 
   0.163815787069314 	    0.078136122301754 
   0.176246535118298 	    0.084065284974255 
   0.188677283167281 	    0.089994447646755 
   0.201108031216264 	    0.095923610319256 
   0.213538779265248 	    0.101852772991756 
   0.225969527314231 	    0.107781935664257 
   0.238400275363215 	    0.113711098336757 
   0.250831023412198 	    0.119640261009258 
   0.263261771461182 	    0.125569423681758 
   0.275692519510165 	    0.131498586354259 
   0.288123267559149 	    0.137427749026759 
   0.300554015608132 	    0.143356911699260 
   0.312984763657116 	    0.149286074371761 
   0.325415511706099 	    0.155215237044261 
   0.337846259755083 	    0.161144399716762 
   0.350277007804066 	    0.167073562389262 
   0.362707755853050 	    0.173002725061763 
   0.375138503902033 	    0.178931887734263 
   0.387569251951017 	    0.184861050406764 
   0.400000000000000 	    0.190790213079264 
   0.026730195725651 	    0.013619714992186 
   0.039172522534796 	    0.019959397152373 
   0.051614849343941 	    0.026299079312559 
   0.064057176153086 	    0.032638761472745 
   0.076499502962231 	    0.038978443632931 
   0.088941829771376 	    0.045318125793117 
   0.101384156580521 	    0.051657807953303 
   0.113826483389666 	    0.057997490113490 
   0.126268810198811 	    0.064337172273676 
   0.138711137007956 	    0.070676854433862 
   0.151153463817101 	    0.077016536594048 
   0.163595790626246 	    0.083356218754234 
   0.176038117435391 	    0.089695900914420 
   0.188480444244536 	    0.096035583074607 
   0.200922771053681 	    0.102375265234793 
   0.213365097862826 	    0.108714947394979 
   0.225807424671971 	    0.115054629555165 
   0.238249751481116 	    0.121394311715351 
   0.250692078290260 	    0.127733993875537 
   0.263134405099405 	    0.134073676035724 
   0.275576731908550 	    0.140413358195910 
   0.288019058717695 	    0.146753040356096 
   0.300461385526840 	    0.153092722516282 
   0.312903712335985 	    0.159432404676468 
   0.325346039145130 	    0.165772086836655 
   0.337788365954275 	    0.172111768996841 
   0.350230692763420 	    0.178451451157027 
   0.362673019572565 	    0.184791133317213 
   0.375115346381710 	    0.191130815477399 
   0.387557673190855 	    0.197470497637585 
   0.400000000000000 	    0.203810179797772 
   0.026364513379859 	    0.014314762807788 
   0.038819029600530 	    0.021077013376041 
   0.051273545821202 	    0.027839263944294 
   0.063728062041873 	    0.034601514512547 
   0.076182578262544 	    0.041363765080800 
   0.088637094483216 	    0.048126015649053 
   0.101091610703887 	    0.054888266217306 
   0.113546126924559 	    0.061650516785558 
   0.126000643145230 	    0.068412767353811 
   0.138455159365901 	    0.075175017922064 
   0.150909675586573 	    0.081937268490317 
   0.163364191807244 	    0.088699519058570 
   0.175818708027915 	    0.095461769626823 
   0.188273224248587 	    0.102224020195076 
   0.200727740469258 	    0.108986270763329 
   0.213182256689930 	    0.115748521331582 
   0.225636772910601 	    0.122510771899834 
   0.238091289131272 	    0.129273022468087 
   0.250545805351944 	    0.136035273036340 
   0.263000321572615 	    0.142797523604593 
   0.275454837793286 	    0.149559774172846 
   0.287909354013958 	    0.156322024741099 
   0.300363870234629 	    0.163084275309352 
   0.312818386455300 	    0.169846525877605 
   0.325272902675972 	    0.176608776445857 
   0.337727418896643 	    0.183371027014110 
   0.350181935117315 	    0.190133277582363 
   0.362636451337986 	    0.196895528150616 
   0.375090967558657 	    0.203657778718869 
   0.387545483779329 	    0.210420029287122 
   0.400000000000000 	    0.217182279855375 
   0.025980762113533 	    0.015000000000000 
   0.038448070043082 	    0.022198003589195 
   0.050915377972631 	    0.029396007178390 
   0.063382685902180 	    0.036594010767585 
   0.075849993831729 	    0.043792014356780 
   0.088317301761278 	    0.050990017945975 
   0.100784609690827 	    0.058188021535170 
   0.113251917620375 	    0.065386025124365 
   0.125719225549924 	    0.072584028713560 
   0.138186533479473 	    0.079782032302755 
   0.150653841409022 	    0.086980035891950 
   0.163121149338571 	    0.094178039481145 
   0.175588457268120 	    0.101376043070340 
   0.188055765197669 	    0.108574046659535 
   0.200523073127218 	    0.115772050248730 
   0.212990381056767 	    0.122970053837925 
   0.225457688986316 	    0.130168057427120 
   0.237924996915864 	    0.137366061016315 
   0.250392304845413 	    0.144564064605510 
   0.262859612774962 	    0.151762068194705 
   0.275326920704511 	    0.158960071783900 
   0.287794228634060 	    0.166158075373095 
   0.300261536563609 	    0.173356078962290 
   0.312728844493158 	    0.180554082551485 
   0.325196152422707 	    0.187752086140680 
   0.337663460352256 	    0.194950089729875 
   0.350130768281804 	    0.202148093319070 
   0.362598076211353 	    0.209346096908265 
   0.375065384140902 	    0.216544100497460 
   0.387532692070451 	    0.223742104086655 
   0.400000000000000 	    0.230940107675850 
   0.025579204930623 	    0.015674956941478 
   0.038059898099602 	    0.023323135551962 
   0.050540591268581 	    0.030971314162445 
   0.063021284437560 	    0.038619492772928 
   0.075501977606540 	    0.046267671383411 
   0.087982670775519 	    0.053915849993894 
   0.100463363944498 	    0.061564028604377 
   0.112944057113477 	    0.069212207214860 
   0.125424750282457 	    0.076860385825344 
   0.137905443451436 	    0.084508564435827 
   0.150386136620415 	    0.092156743046310 
   0.162866829789394 	    0.099804921656793 
   0.175347522958374 	    0.107453100267276 
   0.187828216127353 	    0.115101278877759 
   0.200308909296332 	    0.122749457488242 
   0.212789602465311 	    0.130397636098726 
   0.225270295634291 	    0.138045814709209 
   0.237750988803270 	    0.145693993319692 
   0.250231681972249 	    0.153342171930175 
   0.262712375141228 	    0.160990350540658 
   0.275193068310208 	    0.168638529151141 
   0.287673761479187 	    0.176286707761624 
   0.300154454648166 	    0.183934886372108 
   0.312635147817145 	    0.191583064982591 
   0.325115840986125 	    0.199231243593074 
   0.337596534155104 	    0.206879422203557 
   0.350077227324083 	    0.214527600814040 
   0.362557920493062 	    0.222175779424523 
   0.375038613662041 	    0.229823958035006 
   0.387519306831021 	    0.237472136645490 
   0.400000000000000 	    0.245120315255973 
   0.025160117038363 	    0.016339171050451 
   0.037654779803751 	    0.024453299924736 
   0.050149442569139 	    0.032567428799021 
   0.062644105334526 	    0.040681557673306 
   0.075138768099914 	    0.048795686547591 
   0.087633430865302 	    0.056909815421876 
   0.100128093630690 	    0.065023944296161 
   0.112622756396078 	    0.073138073170447 
   0.125117419161466 	    0.081252202044732 
   0.137612081926854 	    0.089366330919017 
   0.150106744692242 	    0.097480459793302 
   0.162601407457630 	    0.105594588667587 
   0.175096070223018 	    0.113708717541872 
   0.187590732988406 	    0.121822846416157 
   0.200085395753793 	    0.129936975290442 
   0.212580058519181 	    0.138051104164727 
   0.225074721284569 	    0.146165233039013 
   0.237569384049957 	    0.154279361913298 
   0.250064046815345 	    0.162393490787583 
   0.262558709580733 	    0.170507619661868 
   0.275053372346121 	    0.178621748536153 
   0.287548035111509 	    0.186735877410438 
   0.300042697876897 	    0.194850006284723 
   0.312537360642285 	    0.202964135159008 
   0.325032023407673 	    0.211078264033294 
   0.337526686173060 	    0.219192392907579 
   0.350021348938448 	    0.227306521781864 
   0.362516011703836 	    0.235420650656149 
   0.375010674469224 	    0.243534779530434 
   0.387505337234612 	    0.251648908404719 
   0.400000000000000 	    0.259763037279004 
   0.024723785658660 	    0.016992187107745 
   0.037232992803372 	    0.025589526985508 
   0.049742199948083 	    0.034186866863272 
   0.062251407092794 	    0.042784206741035 
   0.074760614237506 	    0.051381546618798 
   0.087269821382217 	    0.059978886496562 
   0.099779028526928 	    0.068576226374325 
   0.112288235671640 	    0.077173566252088 
   0.124797442816351 	    0.085770906129852 
   0.137306649961062 	    0.094368246007615 
   0.149815857105774 	    0.102965585885378 
   0.162325064250485 	    0.111562925763142 
   0.174834271395196 	    0.120160265640905 
   0.187343478539908 	    0.128757605518668 
   0.199852685684619 	    0.137354945396432 
   0.212361892829330 	    0.145952285274195 
   0.224871099974042 	    0.154549625151958 
   0.237380307118753 	    0.163146965029722 
   0.249889514263464 	    0.171744304907485 
   0.262398721408176 	    0.180341644785249 
   0.274907928552887 	    0.188938984663012 
   0.287417135697598 	    0.197536324540775 
   0.299926342842310 	    0.206133664418539 
   0.312435549987021 	    0.214731004296302 
   0.324944757131732 	    0.223328344174065 
   0.337453964276443 	    0.231925684051829 
   0.349963171421155 	    0.240523023929592 
   0.362472378565866 	    0.249120363807355 
   0.374981585710577 	    0.257717703685119 
   0.387490792855289 	    0.266315043562882 
   0.400000000000000 	    0.274912383440645 
   0.024270509831248 	    0.017633557568774 
   0.036794826170207 	    0.026733006023220 
   0.049319142509165 	    0.035832454477666 
   0.061843458848124 	    0.044931902932111 
   0.074367775187082 	    0.054031351386557 
   0.086892091526040 	    0.063130799841003 
   0.099416407864999 	    0.072230248295448 
   0.111940724203957 	    0.081329696749894 
   0.124465040542916 	    0.090429145204340 
   0.136989356881874 	    0.099528593658785 
   0.149513673220832 	    0.108628042113231 
   0.162037989559791 	    0.117727490567677 
   0.174562305898749 	    0.126826939022122 
   0.187086622237707 	    0.135926387476568 
   0.199610938576666 	    0.145025835931014 
   0.212135254915624 	    0.154125284385459 
   0.224659571254583 	    0.163224732839905 
   0.237183887593541 	    0.172324181294351 
   0.249708203932499 	    0.181423629748796 
   0.262232520271458 	    0.190523078203242 
   0.274756836610416 	    0.199622526657688 
   0.287281152949375 	    0.208721975112133 
   0.299805469288333 	    0.217821423566579 
   0.312329785627291 	    0.226920872021025 
   0.324854101966250 	    0.236020320475470 
   0.337378418305208 	    0.245119768929916 
   0.349902734644166 	    0.254219217384362 
   0.362427050983125 	    0.263318665838807 
   0.374951367322083 	    0.272418114293253 
   0.387475683661042 	    0.281517562747699 
   0.400000000000000 	    0.290617011202144 
   0.023800600208737 	    0.018262842870262 
   0.036340580201779 	    0.027885107947639 
   0.048880560194821 	    0.037507373025016 
   0.061420540187863 	    0.047129638102394 
   0.073960520180905 	    0.056751903179771 
   0.086500500173948 	    0.066374168257149 
   0.099040480166990 	    0.075996433334526 
   0.111580460160032 	    0.085618698411904 
   0.124120440153074 	    0.095240963489281 
   0.136660420146116 	    0.104863228566658 
   0.149200400139158 	    0.114485493644036 
   0.161740380132200 	    0.124107758721413 
   0.174280360125242 	    0.133730023798791 
   0.186820340118284 	    0.143352288876168 
   0.199360320111326 	    0.152974553953545 
   0.211900300104369 	    0.162596819030923 
   0.224440280097411 	    0.172219084108300 
   0.236980260090453 	    0.181841349185678 
   0.249520240083495 	    0.191463614263055 
   0.262060220076537 	    0.201085879340433 
   0.274600200069579 	    0.210708144417810 
   0.287140180062621 	    0.220330409495187 
   0.299680160055663 	    0.229952674572565 
   0.312220140048705 	    0.239574939649942 
   0.324760120041747 	    0.249197204727320 
   0.337300100034790 	    0.258819469804697 
   0.349840080027832 	    0.268441734882074 
   0.362380060020874 	    0.278063999959452 
   0.374920040013916 	    0.287686265036829 
   0.387460020006958 	    0.297308530114207 
   0.400000000000000 	    0.306930795191584 
   0.023314378843709 	    0.018879611731495 
   0.035870566215585 	    0.029047411783045 
   0.048426753587462 	    0.039215211834596 
   0.060982940959338 	    0.049383011886146 
   0.073539128331215 	    0.059550811937696 
   0.086095315703091 	    0.069718611989246 
   0.098651503074967 	    0.079886412040797 
   0.111207690446844 	    0.090054212092347 
   0.123763877818720 	    0.100222012143897 
   0.136320065190596 	    0.110389812195447 
   0.148876252562473 	    0.120557612246998 
   0.161432439934349 	    0.130725412298548 
   0.173988627306225 	    0.140893212350098 
   0.186544814678102 	    0.151061012401648 
   0.199101002049978 	    0.161228812453199 
   0.211657189421855 	    0.171396612504749 
   0.224213376793731 	    0.181564412556299 
   0.236769564165607 	    0.191732212607850 
   0.249325751537484 	    0.201900012659400 
   0.261881938909360 	    0.212067812710950 
   0.274438126281236 	    0.222235612762500 
   0.286994313653113 	    0.232403412814050 
   0.299550501024989 	    0.242571212865601 
   0.312106688396866 	    0.252739012917151 
   0.324662875768742 	    0.262906812968701 
   0.337219063140618 	    0.273074613020252 
   0.349775250512495 	    0.283242413071802 
   0.362331437884371 	    0.293410213123352 
   0.374887625256247 	    0.303578013174902 
   0.387443812628124 	    0.313745813226453 
   0.400000000000000 	    0.323913613278003 
   0.022812178968001 	    0.019483441449906 
   0.035385106335734 	    0.030221735874422 
   0.047958033703468 	    0.040960030298938 
   0.060530961071201 	    0.051698324723454 
   0.073103888438934 	    0.062436619147970 
   0.085676815806667 	    0.073174913572486 
   0.098249743174401 	    0.083913207997002 
   0.110822670542134 	    0.094651502421518 
   0.123395597909867 	    0.105389796846034 
   0.135968525277601 	    0.116128091270550 
   0.148541452645334 	    0.126866385695066 
   0.161114380013067 	    0.137604680119582 
   0.173687307380801 	    0.148342974544098 
   0.186260234748534 	    0.159081268968614 
   0.198833162116267 	    0.169819563393130 
   0.211406089484000 	    0.180557857817646 
   0.223979016851734 	    0.191296152242162 
   0.236551944219467 	    0.202034446666678 
   0.249124871587200 	    0.212772741091194 
   0.261697798954934 	    0.223511035515710 
   0.274270726322667 	    0.234249329940226 
   0.286843653690400 	    0.244987624364742 
   0.299416581058134 	    0.255725918789258 
   0.311989508425867 	    0.266464213213774 
   0.324562435793600 	    0.277202507638290 
   0.337135363161334 	    0.287940802062806 
   0.349708290529067 	    0.298679096487322 
   0.362281217896800 	    0.309417390911839 
   0.374854145264533 	    0.320155685336355 
   0.387427072632267 	    0.330893979760871 
   0.400000000000000 	    0.341632274185387 
   0.022294344764322 	    0.020073918190766 
   0.034884533272178 	    0.031410174841711 
   0.047474721780034 	    0.042746431492657 
   0.060064910287890 	    0.054082688143603 
   0.072655098795746 	    0.065418944794548 
   0.085245287303602 	    0.076755201445494 
   0.097835475811457 	    0.088091458096440 
   0.110425664319313 	    0.099427714747385 
   0.123015852827169 	    0.110763971398331 
   0.135606041335025 	    0.122100228049277 
   0.148196229842881 	    0.133436484700222 
   0.160786418350737 	    0.144772741351168 
   0.173376606858593 	    0.156108998002114 
   0.185966795366449 	    0.167445254653060 
   0.198556983874305 	    0.178781511304005 
   0.211147172382161 	    0.190117767954951 
   0.223737360890017 	    0.201454024605896 
   0.236327549397873 	    0.212790281256842 
   0.248917737905729 	    0.224126537907788 
   0.261507926413585 	    0.235462794558734 
   0.274098114921441 	    0.246799051209679 
   0.286688303429297 	    0.258135307860625 
   0.299278491937152 	    0.269471564511571 
   0.311868680445008 	    0.280807821162516 
   0.324458868952864 	    0.292144077813462 
   0.337049057460720 	    0.303480334464408 
   0.349639245968576 	    0.314816591115353 
   0.362229434476432 	    0.326152847766299 
   0.374819622984288 	    0.337489104417245 
   0.387409811492144 	    0.348825361068190 
   0.400000000000000 	    0.360161617719136 
   0.021761231130369 	    0.020650637270813 
   0.034369190092690 	    0.032615143584651 
   0.046977149055011 	    0.044579649898489 
   0.059585108017332 	    0.056544156212327 
   0.072193066979653 	    0.068508662526165 
   0.084801025941974 	    0.080473168840002 
   0.097408984904295 	    0.092437675153840 
   0.110016943866616 	    0.104402181467678 
   0.122624902828937 	    0.116366687781516 
   0.135232861791258 	    0.128331194095354 
   0.147840820753579 	    0.140295700409192 
   0.160448779715900 	    0.152260206723030 
   0.173056738678221 	    0.164224713036868 
   0.185664697640542 	    0.176189219350706 
   0.198272656602863 	    0.188153725664544 
   0.210880615565184 	    0.200118231978382 
   0.223488574527505 	    0.212082738292220 
   0.236096533489826 	    0.224047244606058 
   0.248704492452148 	    0.236011750919896 
   0.261312451414469 	    0.247976257233734 
   0.273920410376790 	    0.259940763547572 
   0.286528369339111 	    0.271905269861410 
   0.299136328301432 	    0.283869776175248 
   0.311744287263753 	    0.295834282489086 
   0.324352246226074 	    0.307798788802924 
   0.336960205188395 	    0.319763295116762 
   0.349568164150716 	    0.331727801430600 
   0.362176123113037 	    0.343692307744438 
   0.374784082075358 	    0.355656814058276 
   0.387392041037679 	    0.367621320372114 
   0.400000000000000 	    0.379585826685952 
   0.021213203435596 	    0.021213203435596 
   0.033839429987743 	    0.033839429987743 
   0.046465656539890 	    0.046465656539890 
   0.059091883092037 	    0.059091883092037 
   0.071718109644184 	    0.071718109644184 
   0.084344336196330 	    0.084344336196330 
   0.096970562748477 	    0.096970562748477 
   0.109596789300624 	    0.109596789300624 
   0.122223015852771 	    0.122223015852771 
   0.134849242404917 	    0.134849242404917 
   0.147475468957064 	    0.147475468957064 
   0.160101695509211 	    0.160101695509211 
   0.172727922061358 	    0.172727922061358 
   0.185354148613505 	    0.185354148613505 
   0.197980375165651 	    0.197980375165651 
   0.210606601717798 	    0.210606601717798 
   0.223232828269945 	    0.223232828269945 
   0.235859054822092 	    0.235859054822092 
   0.248485281374239 	    0.248485281374239 
   0.261111507926385 	    0.261111507926385 
   0.273737734478532 	    0.273737734478532 
   0.286363961030679 	    0.286363961030679 
   0.298990187582826 	    0.298990187582826 
   0.311616414134972 	    0.311616414134972 
   0.324242640687119 	    0.324242640687119 
   0.336868867239266 	    0.336868867239266 
   0.349495093791413 	    0.349495093791413 
   0.362121320343560 	    0.362121320343560 
   0.374747546895706 	    0.374747546895706 
   0.387373773447853 	    0.387373773447853 
   0.400000000000000 	    0.400000000000000 
   0.020650637270813 	    0.021761231130369 
   0.032615143584651 	    0.034369190092690 
   0.044579649898489 	    0.046977149055011 
   0.056544156212327 	    0.059585108017332 
   0.068508662526165 	    0.072193066979653 
   0.080473168840002 	    0.084801025941974 
   0.092437675153840 	    0.097408984904295 
   0.104402181467678 	    0.110016943866616 
   0.116366687781516 	    0.122624902828937 
   0.128331194095354 	    0.135232861791258 
   0.140295700409192 	    0.147840820753579 
   0.152260206723030 	    0.160448779715900 
   0.164224713036868 	    0.173056738678221 
   0.176189219350706 	    0.185664697640542 
   0.188153725664544 	    0.198272656602863 
   0.200118231978382 	    0.210880615565184 
   0.212082738292220 	    0.223488574527505 
   0.224047244606058 	    0.236096533489826 
   0.236011750919896 	    0.248704492452147 
   0.247976257233734 	    0.261312451414469 
   0.259940763547572 	    0.273920410376790 
   0.271905269861410 	    0.286528369339111 
   0.283869776175248 	    0.299136328301432 
   0.295834282489086 	    0.311744287263753 
   0.307798788802924 	    0.324352246226074 
   0.319763295116762 	    0.336960205188395 
   0.331727801430600 	    0.349568164150716 
   0.343692307744438 	    0.362176123113037 
   0.355656814058276 	    0.374784082075358 
   0.367621320372114 	    0.387392041037679 
   0.379585826685952 	    0.400000000000000 
   0.020073918190766 	    0.022294344764322 
   0.031410174841711 	    0.034884533272178 
   0.042746431492657 	    0.047474721780034 
   0.054082688143603 	    0.060064910287890 
   0.065418944794548 	    0.072655098795746 
   0.076755201445494 	    0.085245287303602 
   0.088091458096440 	    0.097835475811457 
   0.099427714747385 	    0.110425664319313 
   0.110763971398331 	    0.123015852827169 
   0.122100228049277 	    0.135606041335025 
   0.133436484700222 	    0.148196229842881 
   0.144772741351168 	    0.160786418350737 
   0.156108998002114 	    0.173376606858593 
   0.167445254653060 	    0.185966795366449 
   0.178781511304005 	    0.198556983874305 
   0.190117767954951 	    0.211147172382161 
   0.201454024605897 	    0.223737360890017 
   0.212790281256842 	    0.236327549397873 
   0.224126537907788 	    0.248917737905729 
   0.235462794558734 	    0.261507926413585 
   0.246799051209679 	    0.274098114921441 
   0.258135307860625 	    0.286688303429297 
   0.269471564511571 	    0.299278491937152 
   0.280807821162516 	    0.311868680445008 
   0.292144077813462 	    0.324458868952864 
   0.303480334464408 	    0.337049057460720 
   0.314816591115353 	    0.349639245968576 
   0.326152847766299 	    0.362229434476432 
   0.337489104417245 	    0.374819622984288 
   0.348825361068190 	    0.387409811492144 
   0.360161617719136 	    0.400000000000000 
   0.019483441449906 	    0.022812178968001 
   0.030221735874422 	    0.035385106335734 
   0.040960030298938 	    0.047958033703468 
   0.051698324723454 	    0.060530961071201 
   0.062436619147970 	    0.073103888438934 
   0.073174913572486 	    0.085676815806667 
   0.083913207997002 	    0.098249743174401 
   0.094651502421518 	    0.110822670542134 
   0.105389796846034 	    0.123395597909867 
   0.116128091270550 	    0.135968525277601 
   0.126866385695066 	    0.148541452645334 
   0.137604680119582 	    0.161114380013067 
   0.148342974544098 	    0.173687307380801 
   0.159081268968614 	    0.186260234748534 
   0.169819563393130 	    0.198833162116267 
   0.180557857817646 	    0.211406089484000 
   0.191296152242162 	    0.223979016851734 
   0.202034446666678 	    0.236551944219467 
   0.212772741091194 	    0.249124871587200 
   0.223511035515710 	    0.261697798954934 
   0.234249329940226 	    0.274270726322667 
   0.244987624364742 	    0.286843653690400 
   0.255725918789258 	    0.299416581058134 
   0.266464213213774 	    0.311989508425867 
   0.277202507638290 	    0.324562435793600 
   0.287940802062806 	    0.337135363161334 
   0.298679096487322 	    0.349708290529067 
   0.309417390911839 	    0.362281217896800 
   0.320155685336355 	    0.374854145264533 
   0.330893979760871 	    0.387427072632267 
   0.341632274185387 	    0.400000000000000 
   0.018879611731495 	    0.023314378843709 
   0.029047411783045 	    0.035870566215585 
   0.039215211834596 	    0.048426753587462 
   0.049383011886146 	    0.060982940959338 
   0.059550811937696 	    0.073539128331215 
   0.069718611989246 	    0.086095315703091 
   0.079886412040797 	    0.098651503074967 
   0.090054212092347 	    0.111207690446844 
   0.100222012143897 	    0.123763877818720 
   0.110389812195447 	    0.136320065190596 
   0.120557612246998 	    0.148876252562473 
   0.130725412298548 	    0.161432439934349 
   0.140893212350098 	    0.173988627306225 
   0.151061012401648 	    0.186544814678102 
   0.161228812453199 	    0.199101002049978 
   0.171396612504749 	    0.211657189421855 
   0.181564412556299 	    0.224213376793731 
   0.191732212607850 	    0.236769564165607 
   0.201900012659400 	    0.249325751537484 
   0.212067812710950 	    0.261881938909360 
   0.222235612762500 	    0.274438126281236 
   0.232403412814051 	    0.286994313653113 
   0.242571212865601 	    0.299550501024989 
   0.252739012917151 	    0.312106688396866 
   0.262906812968701 	    0.324662875768742 
   0.273074613020252 	    0.337219063140618 
   0.283242413071802 	    0.349775250512495 
   0.293410213123352 	    0.362331437884371 
   0.303578013174902 	    0.374887625256247 
   0.313745813226453 	    0.387443812628124 
   0.323913613278003 	    0.400000000000000 
   0.018262842870262 	    0.023800600208737 
   0.027885107947639 	    0.036340580201779 
   0.037507373025016 	    0.048880560194821 
   0.047129638102394 	    0.061420540187863 
   0.056751903179771 	    0.073960520180905 
   0.066374168257149 	    0.086500500173948 
   0.075996433334526 	    0.099040480166990 
   0.085618698411904 	    0.111580460160032 
   0.095240963489281 	    0.124120440153074 
   0.104863228566658 	    0.136660420146116 
   0.114485493644036 	    0.149200400139158 
   0.124107758721413 	    0.161740380132200 
   0.133730023798791 	    0.174280360125242 
   0.143352288876168 	    0.186820340118284 
   0.152974553953545 	    0.199360320111326 
   0.162596819030923 	    0.211900300104369 
   0.172219084108300 	    0.224440280097411 
   0.181841349185678 	    0.236980260090453 
   0.191463614263055 	    0.249520240083495 
   0.201085879340433 	    0.262060220076537 
   0.210708144417810 	    0.274600200069579 
   0.220330409495187 	    0.287140180062621 
   0.229952674572565 	    0.299680160055663 
   0.239574939649942 	    0.312220140048705 
   0.249197204727320 	    0.324760120041747 
   0.258819469804697 	    0.337300100034790 
   0.268441734882075 	    0.349840080027832 
   0.278063999959452 	    0.362380060020874 
   0.287686265036829 	    0.374920040013916 
   0.297308530114207 	    0.387460020006958 
   0.306930795191584 	    0.400000000000000 
   0.017633557568774 	    0.024270509831248 
   0.026733006023220 	    0.036794826170207 
   0.035832454477666 	    0.049319142509165 
   0.044931902932111 	    0.061843458848124 
   0.054031351386557 	    0.074367775187082 
   0.063130799841003 	    0.086892091526040 
   0.072230248295448 	    0.099416407864999 
   0.081329696749894 	    0.111940724203957 
   0.090429145204340 	    0.124465040542916 
   0.099528593658785 	    0.136989356881874 
   0.108628042113231 	    0.149513673220832 
   0.117727490567677 	    0.162037989559791 
   0.126826939022122 	    0.174562305898749 
   0.135926387476568 	    0.187086622237707 
   0.145025835931014 	    0.199610938576666 
   0.154125284385459 	    0.212135254915624 
   0.163224732839905 	    0.224659571254583 
   0.172324181294351 	    0.237183887593541 
   0.181423629748796 	    0.249708203932499 
   0.190523078203242 	    0.262232520271458 
   0.199622526657688 	    0.274756836610416 
   0.208721975112133 	    0.287281152949375 
   0.217821423566579 	    0.299805469288333 
   0.226920872021025 	    0.312329785627291 
   0.236020320475470 	    0.324854101966250 
   0.245119768929916 	    0.337378418305208 
   0.254219217384362 	    0.349902734644166 
   0.263318665838807 	    0.362427050983125 
   0.272418114293253 	    0.374951367322083 
   0.281517562747699 	    0.387475683661042 
   0.290617011202144 	    0.400000000000000 
   0.016992187107745 	    0.024723785658660 
   0.025589526985508 	    0.037232992803372 
   0.034186866863272 	    0.049742199948083 
   0.042784206741035 	    0.062251407092794 
   0.051381546618798 	    0.074760614237506 
   0.059978886496562 	    0.087269821382217 
   0.068576226374325 	    0.099779028526928 
   0.077173566252088 	    0.112288235671640 
   0.085770906129852 	    0.124797442816351 
   0.094368246007615 	    0.137306649961062 
   0.102965585885378 	    0.149815857105774 
   0.111562925763142 	    0.162325064250485 
   0.120160265640905 	    0.174834271395196 
   0.128757605518669 	    0.187343478539908 
   0.137354945396432 	    0.199852685684619 
   0.145952285274195 	    0.212361892829330 
   0.154549625151959 	    0.224871099974042 
   0.163146965029722 	    0.237380307118753 
   0.171744304907485 	    0.249889514263464 
   0.180341644785249 	    0.262398721408176 
   0.188938984663012 	    0.274907928552887 
   0.197536324540775 	    0.287417135697598 
   0.206133664418539 	    0.299926342842309 
   0.214731004296302 	    0.312435549987021 
   0.223328344174065 	    0.324944757131732 
   0.231925684051829 	    0.337453964276443 
   0.240523023929592 	    0.349963171421155 
   0.249120363807355 	    0.362472378565866 
   0.257717703685119 	    0.374981585710577 
   0.266315043562882 	    0.387490792855289 
   0.274912383440645 	    0.400000000000000 
   0.016339171050451 	    0.025160117038363 
   0.024453299924736 	    0.037654779803751 
   0.032567428799021 	    0.050149442569139 
   0.040681557673306 	    0.062644105334526 
   0.048795686547591 	    0.075138768099914 
   0.056909815421876 	    0.087633430865302 
   0.065023944296162 	    0.100128093630690 
   0.073138073170447 	    0.112622756396078 
   0.081252202044732 	    0.125117419161466 
   0.089366330919017 	    0.137612081926854 
   0.097480459793302 	    0.150106744692242 
   0.105594588667587 	    0.162601407457630 
   0.113708717541872 	    0.175096070223018 
   0.121822846416157 	    0.187590732988406 
   0.129936975290442 	    0.200085395753793 
   0.138051104164728 	    0.212580058519181 
   0.146165233039013 	    0.225074721284569 
   0.154279361913298 	    0.237569384049957 
   0.162393490787583 	    0.250064046815345 
   0.170507619661868 	    0.262558709580733 
   0.178621748536153 	    0.275053372346121 
   0.186735877410438 	    0.287548035111509 
   0.194850006284723 	    0.300042697876897 
   0.202964135159009 	    0.312537360642285 
   0.211078264033294 	    0.325032023407673 
   0.219192392907579 	    0.337526686173060 
   0.227306521781864 	    0.350021348938448 
   0.235420650656149 	    0.362516011703836 
   0.243534779530434 	    0.375010674469224 
   0.251648908404719 	    0.387505337234612 
   0.259763037279004 	    0.400000000000000 
   0.015674956941478 	    0.025579204930623 
   0.023323135551962 	    0.038059898099602 
   0.030971314162445 	    0.050540591268581 
   0.038619492772928 	    0.063021284437560 
   0.046267671383411 	    0.075501977606540 
   0.053915849993894 	    0.087982670775519 
   0.061564028604377 	    0.100463363944498 
   0.069212207214860 	    0.112944057113477 
   0.076860385825344 	    0.125424750282457 
   0.084508564435827 	    0.137905443451436 
   0.092156743046310 	    0.150386136620415 
   0.099804921656793 	    0.162866829789394 
   0.107453100267276 	    0.175347522958374 
   0.115101278877759 	    0.187828216127353 
   0.122749457488242 	    0.200308909296332 
   0.130397636098726 	    0.212789602465311 
   0.138045814709209 	    0.225270295634291 
   0.145693993319692 	    0.237750988803270 
   0.153342171930175 	    0.250231681972249 
   0.160990350540658 	    0.262712375141228 
   0.168638529151141 	    0.275193068310208 
   0.176286707761624 	    0.287673761479187 
   0.183934886372108 	    0.300154454648166 
   0.191583064982591 	    0.312635147817145 
   0.199231243593074 	    0.325115840986125 
   0.206879422203557 	    0.337596534155104 
   0.214527600814040 	    0.350077227324083 
   0.222175779424523 	    0.362557920493062 
   0.229823958035006 	    0.375038613662041 
   0.237472136645490 	    0.387519306831021 
   0.245120315255973 	    0.400000000000000 
   0.015000000000000 	    0.025980762113533 
   0.022198003589195 	    0.038448070043082 
   0.029396007178390 	    0.050915377972631 
   0.036594010767585 	    0.063382685902180 
   0.043792014356780 	    0.075849993831729 
   0.050990017945975 	    0.088317301761278 
   0.058188021535170 	    0.100784609690827 
   0.065386025124365 	    0.113251917620375 
   0.072584028713560 	    0.125719225549924 
   0.079782032302755 	    0.138186533479473 
   0.086980035891950 	    0.150653841409022 
   0.094178039481145 	    0.163121149338571 
   0.101376043070340 	    0.175588457268120 
   0.108574046659535 	    0.188055765197669 
   0.115772050248730 	    0.200523073127218 
   0.122970053837925 	    0.212990381056767 
   0.130168057427120 	    0.225457688986315 
   0.137366061016315 	    0.237924996915864 
   0.144564064605510 	    0.250392304845413 
   0.151762068194705 	    0.262859612774962 
   0.158960071783900 	    0.275326920704511 
   0.166158075373095 	    0.287794228634060 
   0.173356078962290 	    0.300261536563609 
   0.180554082551485 	    0.312728844493158 
   0.187752086140680 	    0.325196152422707 
   0.194950089729875 	    0.337663460352256 
   0.202148093319070 	    0.350130768281804 
   0.209346096908265 	    0.362598076211353 
   0.216544100497460 	    0.375065384140902 
   0.223742104086655 	    0.387532692070451 
   0.230940107675850 	    0.400000000000000 
   0.014314762807788 	    0.026364513379859 
   0.021077013376041 	    0.038819029600530 
   0.027839263944294 	    0.051273545821202 
   0.034601514512547 	    0.063728062041873 
   0.041363765080800 	    0.076182578262544 
   0.048126015649053 	    0.088637094483216 
   0.054888266217306 	    0.101091610703887 
   0.061650516785558 	    0.113546126924559 
   0.068412767353811 	    0.126000643145230 
   0.075175017922064 	    0.138455159365901 
   0.081937268490317 	    0.150909675586573 
   0.088699519058570 	    0.163364191807244 
   0.095461769626823 	    0.175818708027915 
   0.102224020195076 	    0.188273224248587 
   0.108986270763329 	    0.200727740469258 
   0.115748521331582 	    0.213182256689929 
   0.122510771899834 	    0.225636772910601 
   0.129273022468087 	    0.238091289131272 
   0.136035273036340 	    0.250545805351944 
   0.142797523604593 	    0.263000321572615 
   0.149559774172846 	    0.275454837793286 
   0.156322024741099 	    0.287909354013958 
   0.163084275309352 	    0.300363870234629 
   0.169846525877605 	    0.312818386455300 
   0.176608776445858 	    0.325272902675972 
   0.183371027014110 	    0.337727418896643 
   0.190133277582363 	    0.350181935117315 
   0.196895528150616 	    0.362636451337986 
   0.203657778718869 	    0.375090967558657 
   0.210420029287122 	    0.387545483779329 
   0.217182279855375 	    0.400000000000000 
   0.013619714992186 	    0.026730195725651 
   0.019959397152373 	    0.039172522534796 
   0.026299079312559 	    0.051614849343941 
   0.032638761472745 	    0.064057176153086 
   0.038978443632931 	    0.076499502962231 
   0.045318125793117 	    0.088941829771376 
   0.051657807953303 	    0.101384156580521 
   0.057997490113490 	    0.113826483389666 
   0.064337172273676 	    0.126268810198811 
   0.070676854433862 	    0.138711137007956 
   0.077016536594048 	    0.151153463817101 
   0.083356218754234 	    0.163595790626246 
   0.089695900914420 	    0.176038117435391 
   0.096035583074607 	    0.188480444244536 
   0.102375265234793 	    0.200922771053681 
   0.108714947394979 	    0.213365097862826 
   0.115054629555165 	    0.225807424671970 
   0.121394311715351 	    0.238249751481115 
   0.127733993875537 	    0.250692078290260 
   0.134073676035724 	    0.263134405099405 
   0.140413358195910 	    0.275576731908550 
   0.146753040356096 	    0.288019058717695 
   0.153092722516282 	    0.300461385526840 
   0.159432404676468 	    0.312903712335985 
   0.165772086836655 	    0.325346039145130 
   0.172111768996841 	    0.337788365954275 
   0.178451451157027 	    0.350230692763420 
   0.184791133317213 	    0.362673019572565 
   0.191130815477399 	    0.375115346381710 
   0.197470497637585 	    0.387557673190855 
   0.203810179797772 	    0.400000000000000 
   0.012915332904249 	    0.027077558530496 
   0.018844495576749 	    0.039508306579479 
   0.024773658249250 	    0.051939054628463 
   0.030702820921750 	    0.064369802677446 
   0.036631983594251 	    0.076800550726430 
   0.042561146266751 	    0.089231298775413 
   0.048490308939252 	    0.101662046824397 
   0.054419471611752 	    0.114092794873380 
   0.060348634284253 	    0.126523542922364 
   0.066277796956753 	    0.138954290971347 
   0.072206959629254 	    0.151385039020331 
   0.078136122301754 	    0.163815787069314 
   0.084065284974255 	    0.176246535118297 
   0.089994447646755 	    0.188677283167281 
   0.095923610319256 	    0.201108031216264 
   0.101852772991756 	    0.213538779265248 
   0.107781935664257 	    0.225969527314231 
   0.113711098336758 	    0.238400275363215 
   0.119640261009258 	    0.250831023412198 
   0.125569423681759 	    0.263261771461182 
   0.131498586354259 	    0.275692519510165 
   0.137427749026760 	    0.288123267559149 
   0.143356911699260 	    0.300554015608132 
   0.149286074371761 	    0.312984763657116 
   0.155215237044261 	    0.325415511706099 
   0.161144399716762 	    0.337846259755083 
   0.167073562389262 	    0.350277007804066 
   0.173002725061763 	    0.362707755853050 
   0.178931887734263 	    0.375138503902033 
   0.184861050406764 	    0.387569251951017 
   0.190790213079264 	    0.400000000000000 
   0.012202099292274 	    0.027406363729278 
   0.017731745119979 	    0.039826151604969 
   0.023261390947683 	    0.052245939480659 
   0.028791036775388 	    0.064665727356350 
   0.034320682603093 	    0.077085515232041 
   0.039850328430797 	    0.089505303107732 
   0.045379974258502 	    0.101925090983422 
   0.050909620086207 	    0.114344878859113 
   0.056439265913911 	    0.126764666734804 
   0.061968911741616 	    0.139184454610495 
   0.067498557569321 	    0.151604242486185 
   0.073028203397026 	    0.164024030361876 
   0.078557849224730 	    0.176443818237567 
   0.084087495052435 	    0.188863606113258 
   0.089617140880140 	    0.201283393988948 
   0.095146786707844 	    0.213703181864639 
   0.100676432535549 	    0.226122969740330 
   0.106206078363254 	    0.238542757616020 
   0.111735724190958 	    0.250962545491711 
   0.117265370018663 	    0.263382333367402 
   0.122795015846368 	    0.275802121243093 
   0.128324661674072 	    0.288221909118783 
   0.133854307501777 	    0.300641696994474 
   0.139383953329482 	    0.313061484870165 
   0.144913599157186 	    0.325481272745856 
   0.150443244984891 	    0.337901060621546 
   0.155972890812596 	    0.350320848497237 
   0.161502536640300 	    0.362740636372928 
   0.167032182468005 	    0.375160424248619 
   0.172561828295710 	    0.387580212124309 
   0.178091474123415 	    0.400000000000000 
   0.011480502970953 	    0.027716385975339 
   0.016620667036896 	    0.040125839776161 
   0.021760831102838 	    0.052535293576983 
   0.026900995168781 	    0.064944747377805 
   0.032041159234724 	    0.077354201178627 
   0.037181323300667 	    0.089763654979449 
   0.042321487366610 	    0.102173108780271 
   0.047461651432553 	    0.114582562581093 
   0.052601815498495 	    0.126992016381915 
   0.057741979564438 	    0.139401470182737 
   0.062882143630381 	    0.151810923983559 
   0.068022307696324 	    0.164220377784381 
   0.073162471762267 	    0.176629831585203 
   0.078302635828210 	    0.189039285386025 
   0.083442799894153 	    0.201448739186847 
   0.088582963960095 	    0.213858192987669 
   0.093723128026038 	    0.226267646788491 
   0.098863292091981 	    0.238677100589313 
   0.104003456157924 	    0.251086554390135 
   0.109143620223867 	    0.263496008190957 
   0.114283784289810 	    0.275905461991780 
   0.119423948355752 	    0.288314915792602 
   0.124564112421695 	    0.300724369593424 
   0.129704276487638 	    0.313133823394246 
   0.134844440553581 	    0.325543277195068 
   0.139984604619524 	    0.337952730995890 
   0.145124768685467 	    0.350362184796712 
   0.150264932751410 	    0.362771638597534 
   0.155405096817352 	    0.375181092398356 
   0.160545260883295 	    0.387590546199178 
   0.165685424949238 	    0.400000000000000 
   0.010751038486359 	    0.028007412794916 
   0.015510857670619 	    0.040407165701752 
   0.020270676854880 	    0.052806918608588 
   0.025030496039140 	    0.065206671515424 
   0.029790315223400 	    0.077606424422261 
   0.034550134407660 	    0.090006177329097 
   0.039309953591920 	    0.102405930235933 
   0.044069772776181 	    0.114805683142769 
   0.048829591960441 	    0.127205436049605 
   0.053589411144701 	    0.139605188956441 
   0.058349230328961 	    0.152004941863277 
   0.063109049513222 	    0.164404694770113 
   0.067868868697482 	    0.176804447676950 
   0.072628687881742 	    0.189204200583786 
   0.077388507066002 	    0.201603953490622 
   0.082148326250263 	    0.214003706397458 
   0.086908145434523 	    0.226403459304294 
   0.091667964618783 	    0.238803212211130 
   0.096427783803043 	    0.251202965117966 
   0.101187602987304 	    0.263602718024803 
   0.105947422171564 	    0.276002470931639 
   0.110707241355824 	    0.288402223838475 
   0.115467060540084 	    0.300801976745311 
   0.120226879724345 	    0.313201729652147 
   0.124986698908605 	    0.325601482558983 
   0.129746518092865 	    0.338001235465819 
   0.134506337277125 	    0.350400988372655 
   0.139266156461386 	    0.362800741279492 
   0.144025975645646 	    0.375200494186328 
   0.148785794829906 	    0.387600247093164 
   0.153545614014166 	    0.400000000000000 
   0.010014205777013 	    0.028279244732765 
   0.014401979884855 	    0.040669936575007 
   0.018789753992698 	    0.053060628417248 
   0.023177528100540 	    0.065451320259489 
   0.027565302208382 	    0.077842012101730 
   0.031953076316224 	    0.090232703943971 
   0.036340850424066 	    0.102623395786212 
   0.040728624531909 	    0.115014087628453 
   0.045116398639751 	    0.127404779470695 
   0.049504172747593 	    0.139795471312936 
   0.053891946855435 	    0.152186163155177 
   0.058279720963277 	    0.164576854997418 
   0.062667495071120 	    0.176967546839659 
   0.067055269178962 	    0.189358238681900 
   0.071443043286804 	    0.201748930524142 
   0.075830817394646 	    0.214139622366383 
   0.080218591502488 	    0.226530314208624 
   0.084606365610331 	    0.238921006050865 
   0.088994139718173 	    0.251311697893106 
   0.093381913826015 	    0.263702389735347 
   0.097769687933857 	    0.276093081577588 
   0.102157462041699 	    0.288483773419830 
   0.106545236149542 	    0.300874465262071 
   0.110933010257384 	    0.313265157104312 
   0.115320784365226 	    0.325655848946553 
   0.119708558473068 	    0.338046540788794 
   0.124096332580911 	    0.350437232631035 
   0.128484106688753 	    0.362827924473277 
   0.132871880796595 	    0.375218616315518 
   0.137259654904437 	    0.387609308157759 
   0.141647429012279 	    0.400000000000000 
   0.009270509831248 	    0.028531695488855 
   0.013293755453312 	    0.040913972305893 
   0.017317001075376 	    0.053296249122931 
   0.021340246697440 	    0.065678525939969 
   0.025363492319504 	    0.078060802757007 
   0.029386737941567 	    0.090443079574046 
   0.033409983563631 	    0.102825356391084 
   0.037433229185695 	    0.115207633208122 
   0.041456474807759 	    0.127589910025160 
   0.045479720429823 	    0.139972186842198 
   0.049502966051886 	    0.152354463659236 
   0.053526211673950 	    0.164736740476275 
   0.057549457296014 	    0.177119017293313 
   0.061572702918078 	    0.189501294110351 
   0.065595948540142 	    0.201883570927389 
   0.069619194162205 	    0.214265847744427 
   0.073642439784269 	    0.226648124561465 
   0.077665685406333 	    0.239030401378504 
   0.081688931028397 	    0.251412678195542 
   0.085712176650461 	    0.263794955012580 
   0.089735422272524 	    0.276177231829618 
   0.093758667894588 	    0.288559508646656 
   0.097781913516652 	    0.300941785463695 
   0.101805159138716 	    0.313324062280733 
   0.105828404760780 	    0.325706339097771 
   0.109851650382844 	    0.338088615914809 
   0.113874896004907 	    0.350470892731847 
   0.117898141626971 	    0.362853169548886 
   0.121921387249035 	    0.375235446365924 
   0.125944632871099 	    0.387617723182962 
   0.129967878493163 	    0.400000000000000 
   0.008520460341118 	    0.028764592046046 
   0.012185958262575 	    0.041139105644511 
   0.015851456184032 	    0.053513619242976 
   0.019516954105489 	    0.065888132841441 
   0.023182452026946 	    0.078262646439906 
   0.026847949948403 	    0.090637160038371 
   0.030513447869861 	    0.103011673636837 
   0.034178945791318 	    0.115386187235302 
   0.037844443712775 	    0.127760700833767 
   0.041509941634232 	    0.140135214432232 
   0.045175439555689 	    0.152509728030697 
   0.048840937477146 	    0.164884241629162 
   0.052506435398603 	    0.177258755227627 
   0.056171933320061 	    0.189633268826093 
   0.059837431241518 	    0.202007782424558 
   0.063502929162975 	    0.214382296023023 
   0.067168427084432 	    0.226756809621488 
   0.070833925005889 	    0.239131323219953 
   0.074499422927346 	    0.251505836818418 
   0.078164920848803 	    0.263880350416883 
   0.081830418770261 	    0.276254864015349 
   0.085495916691718 	    0.288629377613814 
   0.089161414613175 	    0.301003891212279 
   0.092826912534632 	    0.313378404810744 
   0.096492410456089 	    0.325752918409209 
   0.100157908377546 	    0.338127432007674 
   0.103823406299004 	    0.350501945606139 
   0.107488904220461 	    0.362876459204605 
   0.111154402141918 	    0.375250972803070 
   0.114819900063375 	    0.387625486401535 
   0.118485397984832 	    0.400000000000000 
   0.007764571353076 	    0.028977774788672 
   0.011078408207055 	    0.041345182295716 
   0.014392245061034 	    0.053712589802761 
   0.017706081915013 	    0.066079997309805 
   0.021019918768992 	    0.078447404816849 
   0.024333755622971 	    0.090814812323893 
   0.027647592476950 	    0.103182219830938 
   0.030961429330929 	    0.115549627337982 
   0.034275266184909 	    0.127917034845026 
   0.037589103038888 	    0.140284442352070 
   0.040902939892867 	    0.152651849859115 
   0.044216776746846 	    0.165019257366159 
   0.047530613600825 	    0.177386664873203 
   0.050844450454804 	    0.189754072380248 
   0.054158287308783 	    0.202121479887292 
   0.057472124162762 	    0.214488887394336 
   0.060785961016742 	    0.226856294901380 
   0.064099797870721 	    0.239223702408425 
   0.067413634724700 	    0.251591109915469 
   0.070727471578679 	    0.263958517422513 
   0.074041308432658 	    0.276325924929557 
   0.077355145286637 	    0.288693332436602 
   0.080668982140616 	    0.301060739943646 
   0.083982818994595 	    0.313428147450690 
   0.087296655848574 	    0.325795554957734 
   0.090610492702554 	    0.338162962464779 
   0.093924329556533 	    0.350530369971823 
   0.097238166410512 	    0.362897777478867 
   0.100552003264491 	    0.375265184985911 
   0.103865840118470 	    0.387632592492956 
   0.107179676972449 	    0.400000000000000 
   0.007003360915677 	    0.029171097611930 
   0.009970965672889 	    0.041532061024866 
   0.012938570430102 	    0.053893024437802 
   0.015906175187314 	    0.066253987850737 
   0.018873779944526 	    0.078614951263673 
   0.021841384701739 	    0.090975914676609 
   0.024808989458951 	    0.103336878089544 
   0.027776594216163 	    0.115697841502480 
   0.030744198973376 	    0.128058804915416 
   0.033711803730588 	    0.140419768328351 
   0.036679408487800 	    0.152780731741287 
   0.039647013245013 	    0.165141695154223 
   0.042614618002225 	    0.177502658567158 
   0.045582222759437 	    0.189863621980094 
   0.048549827516649 	    0.202224585393030 
   0.051517432273862 	    0.214585548805965 
   0.054485037031074 	    0.226946512218901 
   0.057452641788286 	    0.239307475631836 
   0.060420246545499 	    0.251668439044772 
   0.063387851302711 	    0.264029402457708 
   0.066355456059923 	    0.276390365870643 
   0.069323060817136 	    0.288751329283579 
   0.072290665574348 	    0.301112292696515 
   0.075258270331560 	    0.313473256109450 
   0.078225875088773 	    0.325834219522386 
   0.081193479845985 	    0.338195182935322 
   0.084161084603197 	    0.350556146348257 
   0.087128689360410 	    0.362917109761193 
   0.090096294117622 	    0.375278073174129 
   0.093063898874834 	    0.387639036587064 
   0.096031503632046 	    0.400000000000000 
   0.006237350724533 	    0.029344428022014 
   0.008863526522649 	    0.041699613754614 
   0.011489702320765 	    0.054054799487213 
   0.014115878118880 	    0.066409985219813 
   0.016742053916996 	    0.078765170952412 
   0.019368229715112 	    0.091120356685012 
   0.021994405513228 	    0.103475542417611 
   0.024620581311344 	    0.115830728150211 
   0.027246757109460 	    0.128185913882810 
   0.029872932907576 	    0.140541099615410 
   0.032499108705691 	    0.152896285348009 
   0.035125284503807 	    0.165251471080609 
   0.037751460301923 	    0.177606656813209 
   0.040377636100039 	    0.189961842545808 
   0.043003811898155 	    0.202317028278408 
   0.045629987696271 	    0.214672214011007 
   0.048256163494387 	    0.227027399743607 
   0.050882339292503 	    0.239382585476206 
   0.053508515090618 	    0.251737771208806 
   0.056134690888734 	    0.264092956941405 
   0.058760866686850 	    0.276448142674005 
   0.061387042484966 	    0.288803328406604 
   0.064013218283082 	    0.301158514139204 
   0.066639394081198 	    0.313513699871803 
   0.069265569879314 	    0.325868885604403 
   0.071891745677430 	    0.338224071337002 
   0.074517921475545 	    0.350579257069602 
   0.077144097273661 	    0.362934442802201 
   0.079770273071777 	    0.375289628534801 
   0.082396448869893 	    0.387644814267400 
   0.085022624668009 	    0.400000000000000 
   0.005467065764764 	    0.029497647226919 
   0.007756017505026 	    0.041847725652688 
   0.010044969245288 	    0.054197804078457 
   0.012333920985549 	    0.066547882504227 
   0.014622872725811 	    0.078897960929996 
   0.016911824466073 	    0.091248039355766 
   0.019200776206334 	    0.103598117781535 
   0.021489727946596 	    0.115948196207304 
   0.023778679686858 	    0.128298274633074 
   0.026067631427119 	    0.140648353058843 
   0.028356583167381 	    0.152998431484612 
   0.030645534907643 	    0.165348509910382 
   0.032934486647904 	    0.177698588336151 
   0.035223438388166 	    0.190048666761921 
   0.037512390128427 	    0.202398745187690 
   0.039801341868689 	    0.214748823613459 
   0.042090293608951 	    0.227098902039229 
   0.044379245349212 	    0.239448980464998 
   0.046668197089474 	    0.251799058890767 
   0.048957148829736 	    0.264149137316537 
   0.051246100569997 	    0.276499215742306 
   0.053535052310259 	    0.288849294168076 
   0.055824004050521 	    0.301199372593845 
   0.058112955790782 	    0.313549451019614 
   0.060401907531044 	    0.325899529445384 
   0.062690859271306 	    0.338249607871153 
   0.064979811011567 	    0.350599686296922 
   0.067268762751829 	    0.362949764722692 
   0.069557714492091 	    0.375299843148461 
   0.071846666232352 	    0.387649921574231 
   0.074135617972614 	    0.400000000000000 
   0.004693033951207 	    0.029630650217854 
   0.006648392023827 	    0.041976295210592 
   0.008603750096447 	    0.054321940203331 
   0.010559108169068 	    0.066667585196069 
   0.012514466241688 	    0.079013230188807 
   0.014469824314308 	    0.091358875181545 
   0.016425182386928 	    0.103704520174283 
   0.018380540459549 	    0.116050165167022 
   0.020335898532169 	    0.128395810159760 
   0.022291256604789 	    0.140741455152498 
   0.024246614677409 	    0.153087100145236 
   0.026201972750030 	    0.165432745137974 
   0.028157330822650 	    0.177778390130712 
   0.030112688895270 	    0.190124035123451 
   0.032068046967890 	    0.202469680116189 
   0.034023405040511 	    0.214815325108927 
   0.035978763113131 	    0.227160970101665 
   0.037934121185751 	    0.239506615094403 
   0.039889479258372 	    0.251852260087142 
   0.041844837330992 	    0.264197905079880 
   0.043800195403612 	    0.276543550072618 
   0.045755553476232 	    0.288889195065356 
   0.047710911548852 	    0.301234840058094 
   0.049666269621473 	    0.313580485050833 
   0.051621627694093 	    0.325926130043571 
   0.053576985766713 	    0.338271775036309 
   0.055532343839334 	    0.350617420029047 
   0.057487701911954 	    0.362963065021785 
   0.059443059984574 	    0.375308710014524 
   0.061398418057194 	    0.387654355007262 
   0.063353776129815 	    0.400000000000000 
   0.003915785766602 	    0.029743345841214 
   0.005540626208880 	    0.042085234313174 
   0.007165466651159 	    0.054427122785133 
   0.008790307093437 	    0.066769011257093 
   0.010415147535716 	    0.079110899729052 
   0.012039987977994 	    0.091452788201012 
   0.013664828420273 	    0.103794676672971 
   0.015289668862551 	    0.116136565144931 
   0.016914509304830 	    0.128478453616891 
   0.018539349747109 	    0.140820342088850 
   0.020164190189387 	    0.153162230560810 
   0.021789030631666 	    0.165504119032769 
   0.023413871073944 	    0.177846007504729 
   0.025038711516223 	    0.190187895976688 
   0.026663551958501 	    0.202529784448648 
   0.028288392400780 	    0.214871672920607 
   0.029913232843059 	    0.227213561392567 
   0.031538073285337 	    0.239555449864526 
   0.033162913727616 	    0.251897338336486 
   0.034787754169894 	    0.264239226808445 
   0.036412594612173 	    0.276581115280405 
   0.038037435054451 	    0.288923003752364 
   0.039662275496730 	    0.301264892224324 
   0.041287115939008 	    0.313606780696283 
   0.042911956381287 	    0.325948669168243 
   0.044536796823566 	    0.338290557640202 
   0.046161637265844 	    0.350632446112162 
   0.047786477708123 	    0.362974334584122 
   0.049411318150401 	    0.375316223056081 
   0.051036158592680 	    0.387658111528041 
   0.052660999034958 	    0.400000000000000 
   0.003135853898030 	    0.029835656861048 
   0.004432715238304 	    0.042174468299013 
   0.005729576578579 	    0.054513279736978 
   0.007026437918854 	    0.066852091174943 
   0.008323299259128 	    0.079190902612908 
   0.009620160599403 	    0.091529714050873 
   0.010917021939678 	    0.103868525488839 
   0.012213883279953 	    0.116207336926804 
   0.013510744620227 	    0.128546148364769 
   0.014807605960502 	    0.140884959802734 
   0.016104467300777 	    0.153223771240699 
   0.017401328641051 	    0.165562582678664 
   0.018698189981326 	    0.177901394116629 
   0.019995051321601 	    0.190240205554594 
   0.021291912661875 	    0.202579016992559 
   0.022588774002150 	    0.214917828430524 
   0.023885635342425 	    0.227256639868489 
   0.025182496682700 	    0.239595451306454 
   0.026479358022974 	    0.251934262744419 
   0.027776219363249 	    0.264273074182384 
   0.029073080703524 	    0.276611885620349 
   0.030369942043798 	    0.288950697058314 
   0.031666803384073 	    0.301289508496280 
   0.032963664724348 	    0.313628319934245 
   0.034260526064622 	    0.325967131372210 
   0.035557387404897 	    0.338305942810175 
   0.036854248745172 	    0.350644754248140 
   0.038151110085447 	    0.362983565686105 
   0.039447971425721 	    0.375322377124070 
   0.040744832765996 	    0.387661188562035 
   0.042041694106271 	    0.400000000000000 
   0.002353772871835 	    0.029907520011994 
   0.003324669867102 	    0.042243936011594 
   0.004295566862369 	    0.054580352011194 
   0.005266463857637 	    0.066916768010794 
   0.006237360852904 	    0.079253184010395 
   0.007208257848171 	    0.091589600009995 
   0.008179154843438 	    0.103926016009595 
   0.009150051838705 	    0.116262432009195 
   0.010120948833972 	    0.128598848008796 
   0.011091845829239 	    0.140935264008396 
   0.012062742824506 	    0.153271680007996 
   0.013033639819773 	    0.165608096007596 
   0.014004536815040 	    0.177944512007196 
   0.014975433810307 	    0.190280928006797 
   0.015946330805574 	    0.202617344006397 
   0.016917227800841 	    0.214953760005997 
   0.017888124796108 	    0.227290176005597 
   0.018859021791376 	    0.239626592005197 
   0.019829918786643 	    0.251963008004798 
   0.020800815781910 	    0.264299424004398 
   0.021771712777177 	    0.276635840003998 
   0.022742609772444 	    0.288972256003598 
   0.023713506767711 	    0.301308672003198 
   0.024684403762978 	    0.313645088002799 
   0.025655300758245 	    0.325981504002399 
   0.026626197753512 	    0.338317920001999 
   0.027597094748779 	    0.350654336001599 
   0.028567991744046 	    0.362990752001199 
   0.029538888739313 	    0.375327168000800 
   0.030509785734580 	    0.387663584000400 
   0.031480682729847 	    0.400000000000000 
   0.001570078687288 	    0.029958886042637 
   0.002216513121486 	    0.042293589841216 
   0.002862947555684 	    0.054628293639795 
   0.003509381989881 	    0.066962997438373 
   0.004155816424079 	    0.079297701236952 
   0.004802250858276 	    0.091632405035531 
   0.005448685292474 	    0.103967108834110 
   0.006095119726672 	    0.116301812632689 
   0.006741554160869 	    0.128636516431267 
   0.007387988595067 	    0.140971220229846 
   0.008034423029264 	    0.153305924028425 
   0.008680857463462 	    0.165640627827004 
   0.009327291897660 	    0.177975331625582 
   0.009973726331857 	    0.190310035424161 
   0.010620160766055 	    0.202644739222740 
   0.011266595200252 	    0.214979443021319 
   0.011913029634450 	    0.227314146819897 
   0.012559464068648 	    0.239648850618476 
   0.013205898502845 	    0.251983554417055 
   0.013852332937043 	    0.264318258215634 
   0.014498767371240 	    0.276652962014212 
   0.015145201805438 	    0.288987665812791 
   0.015791636239636 	    0.301322369611370 
   0.016438070673833 	    0.313657073409949 
   0.017084505108031 	    0.325991777208527 
   0.017730939542228 	    0.338326481007106 
   0.018377373976426 	    0.350661184805685 
   0.019023808410624 	    0.362995888604264 
   0.019670242844821 	    0.375330592402843 
   0.020316677279019 	    0.387665296201421 
   0.020963111713217 	    0.400000000000000 
   0.000785308449236 	    0.029989719749267 
   0.001108277121851 	    0.042323395757624 
   0.001431245794465 	    0.054657071765982 
   0.001754214467080 	    0.066990747774340 
   0.002077183139695 	    0.079324423782698 
   0.002400151812309 	    0.091658099791056 
   0.002723120484924 	    0.103991775799413 
   0.003046089157539 	    0.116325451807771 
   0.003369057830153 	    0.128659127816129 
   0.003692026502768 	    0.140992803824487 
   0.004014995175382 	    0.153326479832845 
   0.004337963847997 	    0.165660155841202 
   0.004660932520612 	    0.177993831849560 
   0.004983901193226 	    0.190327507857918 
   0.005306869865841 	    0.202661183866276 
   0.005629838538456 	    0.214994859874633 
   0.005952807211070 	    0.227328535882991 
   0.006275775883685 	    0.239662211891349 
   0.006598744556299 	    0.251995887899707 
   0.006921713228914 	    0.264329563908065 
   0.007244681901529 	    0.276663239916422 
   0.007567650574143 	    0.288996915924780 
   0.007890619246758 	    0.301330591933138 
   0.008213587919373 	    0.313664267941496 
   0.008536556591987 	    0.325997943949853 
   0.008859525264602 	    0.338331619958211 
   0.009182493937216 	    0.350665295966569 
   0.009505462609831 	    0.362998971974927 
   0.009828431282446 	    0.375332647983284 
   0.010151399955060 	    0.387666323991642 
   0.010474368627675 	    0.400000000000000 
   0.000000000000000 	    0.030000000000000 
   0.000000000000000 	    0.042333333333333 
   0.000000000000000 	    0.054666666666667 
   0.000000000000000 	    0.067000000000000 
   0.000000000000000 	    0.079333333333333 
   0.000000000000000 	    0.091666666666667 
   0.000000000000000 	    0.104000000000000 
   0.000000000000000 	    0.116333333333333 
   0.000000000000000 	    0.128666666666667 
   0.000000000000000 	    0.141000000000000 
   0.000000000000000 	    0.153333333333333 
   0.000000000000000 	    0.165666666666667 
   0.000000000000000 	    0.178000000000000 
   0.000000000000000 	    0.190333333333333 
   0.000000000000000 	    0.202666666666667 
   0.000000000000000 	    0.215000000000000 
   0.000000000000000 	    0.227333333333333 
   0.000000000000000 	    0.239666666666667 
   0.000000000000000 	    0.252000000000000 
   0.000000000000000 	    0.264333333333333 
   0.000000000000000 	    0.276666666666667 
   0.000000000000000 	    0.289000000000000 
   0.000000000000000 	    0.301333333333333 
   0.000000000000000 	    0.313666666666667 
   0.000000000000000 	    0.326000000000000 
   0.000000000000000 	    0.338333333333333 
   0.000000000000000 	    0.350666666666667 
   0.000000000000000 	    0.363000000000000 
   0.000000000000000 	    0.375333333333333 
   0.000000000000000 	    0.387666666666667 
   0.000000000000000 	    0.400000000000000 
